892.789734
0.000033
268.971527
0.000360
194.512299
0.000686
159.967026
0.001013
138.987106
0.001340
124.519409
0.001667
113.766251
0.001994
105.367332
0.002321
98.571182
0.002648
92.924370
0.002975
88.134926
0.003301
84.005196
0.003628
80.395996
0.003955
77.206078
0.004282
74.359779
0.004609
71.799301
0.004936
69.479607
0.005263
67.365005
0.005590
65.426811
0.005916
63.641666
0.006243
61.990322
0.006570
60.456764
0.006897
59.027542
0.007224
57.691269
0.007551
56.438221
0.007878
55.260048
0.008205
54.149525
0.008531
53.100368
0.008858
52.107090
0.009185
51.164864
0.009512
50.269421
0.009839
49.416985
0.010166
48.604195
0.010493
47.828041
0.010820
47.085831
0.011147
46.375134
0.011473
45.693768
0.011800
45.039745
0.012127
44.411270
0.012454
43.806705
0.012781
43.224560
0.013108
42.663467
0.013435
42.122173
0.013762
41.599533
0.014088
41.094482
0.014415
40.606052
0.014742
40.133339
0.015069
39.675507
0.015396
39.231785
0.015723
38.801453
0.016050
38.383846
0.016377
37.978340
0.016703
37.584358
0.017030
37.201359
0.017357
36.828831
0.017684
36.466305
0.018011
36.113331
0.018338
35.769497
0.018665
35.434410
0.018992
35.107700
0.019318
34.789021
0.019645
34.478043
0.019972
34.174458
0.020299
33.877975
0.020626
33.588318
0.020953
33.305225
0.021280
33.028450
0.021607
32.757759
0.021933
32.492928
0.022260
32.233746
0.022587
31.980013
0.022914
31.731541
0.023241
31.488144
0.023568
31.249655
0.023895
31.015903
0.024222
30.786737
0.024548
30.562004
0.024875
30.341562
0.025202
30.125275
0.025529
29.913012
0.025856
29.704647
0.026183
29.500063
0.026510
29.299145
0.026837
29.101784
0.027163
28.907873
0.027490
28.717314
0.027817
28.530006
0.028144
28.345863
0.028471
28.164791
0.028798
27.986708
0.029125
27.811527
0.029452
27.639174
0.029778
27.469570
0.030105
27.302643
0.030432
27.138321
0.030759
26.976538
0.031086
26.817228
0.031413
26.660328
0.031740
26.505775
0.032067
26.353516
0.032393
26.203487
0.032720
26.055639
0.033047
25.909918
0.033374
25.766270
0.033701
25.624649
0.034028
25.485006
0.034355
25.347296
0.034682
25.211473
0.035009
25.077494
0.035335
24.945316
0.035662
24.814903
0.035989
24.686211
0.036316
24.559204
0.036643
24.433846
0.036970
24.310099
0.037297
24.187931
0.037624
24.067307
0.037950
23.948193
0.038277
23.830561
0.038604
23.714378
0.038931
23.599613
0.039258
23.486240
0.039585
23.374229
0.039912
23.263554
0.040239
23.154188
0.040565
23.046104
0.040892
22.939278
0.041219
22.833685
0.041546
22.729301
0.041873
22.626104
0.042200
22.524073
0.042527
22.423182
0.042854
22.323412
0.043180
22.224743
0.043507
22.127153
0.043834
22.030622
0.044161
21.935135
0.044488
21.840668
0.044815
21.747206
0.045142
21.654730
0.045469
21.563221
0.045795
21.472666
0.046122
21.383047
0.046449
21.294346
0.046776
21.206549
0.047103
21.119640
0.047430
21.033606
0.047757
20.948429
0.048084
20.864098
0.048410
20.780596
0.048737
20.697910
0.049064
20.616030
0.049391
20.534941
0.049718
20.454628
0.050045
20.375080
0.050372
20.296288
0.050699
20.218235
0.051025
20.140913
0.051352
20.064310
0.051679
19.988415
0.052006
19.913216
0.052333
19.838701
0.052660
19.764864
0.052987
19.691690
0.053314
19.619175
0.053640
19.547302
0.053967
19.476067
0.054294
19.405458
0.054621
19.335468
0.054948
19.266085
0.055275
19.197304
0.055602
19.129112
0.055929
19.061502
0.056256
18.994469
0.056582
18.928001
0.056909
18.862093
0.057236
18.796734
0.057563
18.731918
0.057890
18.667639
0.058217
18.603888
0.058544
18.540657
0.058871
18.477940
0.059197
18.415730
0.059524
18.354021
0.059851
18.292805
0.060178
18.232077
0.060505
18.171827
0.060832
18.112055
0.061159
18.052748
0.061486
17.993904
0.061812
17.935516
0.062139
17.877581
0.062466
17.820087
0.062793
17.763033
0.063120
17.706411
0.063447
17.650219
0.063774
17.594448
0.064101
17.539095
0.064427
17.484154
0.064754
17.429621
0.065081
17.375488
0.065408
17.321754
0.065735
17.268412
0.066062
17.215456
0.066389
17.162884
0.066716
17.110689
0.067042
17.058870
0.067369
17.007420
0.067696
16.956333
0.068023
16.905609
0.068350
16.855240
0.068677
16.805225
0.069004
16.755558
0.069331
16.706234
0.069657
16.657251
0.069984
16.608606
0.070311
16.560293
0.070638
16.512308
0.070965
16.464649
0.071292
16.417313
0.071619
16.370293
0.071946
16.323587
0.072272
16.277195
0.072599
16.231108
0.072926
16.185326
0.073253
16.139845
0.073580
16.094662
0.073907
16.049774
0.074234
16.005177
0.074561
15.960868
0.074887
15.916844
0.075214
15.873102
0.075541
15.829640
0.075868
15.786454
0.076195
15.743541
0.076522
15.700899
0.076849
15.658525
0.077176
15.616414
0.077502
15.574567
0.077829
15.532979
0.078156
15.491648
0.078483
15.450571
0.078810
15.409746
0.079137
15.369170
0.079464
15.328841
0.079791
15.288756
0.080118
15.248913
0.080444
15.209310
0.080771
15.169943
0.081098
15.130811
0.081425
15.091911
0.081752
15.053242
0.082079
15.014800
0.082406
14.976584
0.082733
14.938592
0.083059
14.900821
0.083386
14.863269
0.083713
14.825934
0.084040
14.788815
0.084367
14.751909
0.084694
14.715214
0.085021
14.678727
0.085348
14.642448
0.085674
14.606375
0.086001
14.570504
0.086328
14.534836
0.086655
14.499367
0.086982
14.464095
0.087309
14.429019
0.087636
14.394138
0.087963
14.359449
0.088289
14.324951
0.088616
14.290642
0.088943
14.256519
0.089270
14.222583
0.089597
14.188830
0.089924
14.155261
0.090251
14.121871
0.090578
14.088661
0.090904
14.055629
0.091231
14.022772
0.091558
13.990090
0.091885
13.957581
0.092212
13.925243
0.092539
13.893075
0.092866
13.861076
0.093193
13.829245
0.093519
13.797578
0.093846
13.766076
0.094173
13.734736
0.094500
13.703559
0.094827
13.672542
0.095154
13.641683
0.095481
13.610981
0.095808
13.580436
0.096134
13.550046
0.096461
13.519810
0.096788
13.489725
0.097115
13.459792
0.097442
13.430009
0.097769
13.400373
0.098096
13.370887
0.098423
13.341545
0.098749
13.312349
0.099076
13.283298
0.099403
13.254388
0.099730
13.225620
0.100057
13.196993
0.100384
13.168505
0.100711
13.140155
0.101038
13.111942
0.101365
13.083865
0.101691
13.055923
0.102018
13.028116
0.102345
13.000442
0.102672
12.972898
0.102999
12.945487
0.103326
12.918204
0.103653
12.891051
0.103980
12.864026
0.104306
12.837127
0.104633
12.810354
0.104960
12.783707
0.105287
12.757183
0.105614
12.730783
0.105941
12.704504
0.106268
12.678347
0.106595
12.652309
0.106921
12.626392
0.107248
12.600593
0.107575
12.574912
0.107902
12.549347
0.108229
12.523898
0.108556
12.498565
0.108883
12.473346
0.109210
12.448239
0.109536
12.423246
0.109863
12.398365
0.110190
12.373594
0.110517
12.348934
0.110844
12.324383
0.111171
12.299940
0.111498
12.275605
0.111825
12.251377
0.112151
12.227256
0.112478
12.203240
0.112805
12.179329
0.113132
12.155521
0.113459
12.131818
0.113786
12.108216
0.114113
12.084717
0.114440
12.061318
0.114766
12.038020
0.115093
12.014822
0.115420
11.991723
0.115747
11.968722
0.116074
11.945819
0.116401
11.923014
0.116728
11.900304
0.117055
11.877689
0.117381
11.855170
0.117708
11.832746
0.118035
11.810415
0.118362
11.788177
0.118689
11.766032
0.119016
11.743979
0.119343
11.722017
0.119670
11.700146
0.119996
11.678365
0.120323
11.656672
0.120650
11.635070
0.120977
11.613555
0.121304
11.592128
0.121631
11.570788
0.121958
11.549535
0.122285
11.528367
0.122612
11.507286
0.122938
11.486289
0.123265
11.465376
0.123592
11.444547
0.123919
11.423801
0.124246
11.403138
0.124573
11.382558
0.124900
11.362059
0.125227
11.341640
0.125553
11.321303
0.125880
11.301045
0.126207
11.280868
0.126534
11.260769
0.126861
11.240749
0.127188
11.220807
0.127515
11.200943
0.127842
11.181155
0.128168
11.161445
0.128495
11.141810
0.128822
11.122252
0.129149
11.102768
0.129476
11.083360
0.129803
11.064025
0.130130
11.044765
0.130457
11.025577
0.130783
11.006463
0.131110
10.987421
0.131437
10.968451
0.131764
10.949553
0.132091
10.930726
0.132418
10.911969
0.132745
10.893284
0.133072
10.874667
0.133398
10.856121
0.133725
10.837644
0.134052
10.819235
0.134379
10.800894
0.134706
10.782621
0.135033
10.764416
0.135360
10.746278
0.135687
10.728207
0.136013
10.710201
0.136340
10.692262
0.136667
10.674387
0.136994
10.656578
0.137321
10.638834
0.137648
10.621154
0.137975
10.603539
0.138302
10.585986
0.138628
10.568497
0.138955
10.551070
0.139282
10.533707
0.139609
10.516405
0.139936
10.499166
0.140263
10.481987
0.140590
10.464869
0.140917
10.447813
0.141243
10.430817
0.141570
10.413881
0.141897
10.397004
0.142224
10.380187
0.142551
10.363429
0.142878
10.346730
0.143205
10.330090
0.143532
10.313506
0.143858
10.296981
0.144185
10.280514
0.144512
10.264103
0.144839
10.247749
0.145166
10.231452
0.145493
10.215210
0.145820
10.199025
0.146147
10.182895
0.146474
10.166821
0.146800
10.150801
0.147127
10.134836
0.147454
10.118925
0.147781
10.103068
0.148108
10.087265
0.148435
10.071516
0.148762
10.055820
0.149089
10.040176
0.149415
10.024585
0.149742
10.009047
0.150069
9.993560
0.150396
9.978126
0.150723
9.962742
0.151050
9.947411
0.151377
9.932129
0.151704
9.916899
0.152030
9.901718
0.152357
9.886589
0.152684
9.871509
0.153011
9.856478
0.153338
9.841497
0.153665
9.826565
0.153992
9.811682
0.154319
9.796847
0.154645
9.782062
0.154972
9.767323
0.155299
9.752633
0.155626
9.737990
0.155953
9.723394
0.156280
9.708846
0.156607
9.694345
0.156934
9.679890
0.157260
9.665482
0.157587
9.651119
0.157914
9.636803
0.158241
9.622532
0.158568
9.608307
0.158895
9.594127
0.159222
9.579991
0.159549
9.565901
0.159875
9.551855
0.160202
9.537853
0.160529
9.523896
0.160856
9.509982
0.161183
9.496113
0.161510
9.482286
0.161837
9.468503
0.162164
9.454762
0.162490
9.441065
0.162817
9.427410
0.163144
9.413797
0.163471
9.400227
0.163798
9.386699
0.164125
9.373212
0.164452
9.359766
0.164779
9.346362
0.165105
9.333000
0.165432
9.319678
0.165759
9.306396
0.166086
9.293157
0.166413
9.279956
0.166740
9.266796
0.167067
9.253676
0.167394
9.240596
0.167721
9.227555
0.168047
9.214554
0.168374
9.201591
0.168701
9.188668
0.169028
9.175784
0.169355
9.162938
0.169682
9.150131
0.170009
9.137362
0.170336
9.124631
0.170662
9.111938
0.170989
9.099282
0.171316
9.086665
0.171643
9.074084
0.171970
9.061542
0.172297
9.049035
0.172624
9.036566
0.172951
9.024133
0.173277
9.011737
0.173604
8.999377
0.173931
8.987054
0.174258
8.974766
0.174585
8.962515
0.174912
8.950298
0.175239
8.938118
0.175566
8.925973
0.175892
8.913862
0.176219
8.901788
0.176546
8.889748
0.176873
8.877742
0.177200
8.865771
0.177527
8.853834
0.177854
8.841932
0.178181
8.830064
0.178507
8.818230
0.178834
8.806429
0.179161
8.794662
0.179488
8.782929
0.179815
8.771229
0.180142
8.759562
0.180469
8.747928
0.180796
8.736327
0.181122
8.724759
0.181449
8.713223
0.181776
8.701719
0.182103
8.690248
0.182430
8.678810
0.182757
8.667403
0.183084
8.656028
0.183411
8.644685
0.183737
8.633373
0.184064
8.622093
0.184391
8.610844
0.184718
8.599627
0.185045
8.588439
0.185372
8.577284
0.185699
8.566158
0.186026
8.555064
0.186352
8.544001
0.186679
8.532967
0.187006
8.521963
0.187333
8.510990
0.187660
8.500047
0.187987
8.489134
0.188314
8.478250
0.188641
8.467396
0.188967
8.456571
0.189294
8.445776
0.189621
8.435010
0.189948
8.424273
0.190275
8.413565
0.190602
8.402885
0.190929
8.392235
0.191256
8.381613
0.191583
8.371020
0.191909
8.360455
0.192236
8.349918
0.192563
8.339409
0.192890
8.328929
0.193217
8.318476
0.193544
8.308051
0.193871
8.297653
0.194198
8.287284
0.194524
8.276941
0.194851
8.266626
0.195178
8.256338
0.195505
8.246078
0.195832
8.235844
0.196159
8.225636
0.196486
8.215456
0.196813
8.205302
0.197139
8.195175
0.197466
8.185075
0.197793
8.175000
0.198120
8.164952
0.198447
8.154930
0.198774
8.144934
0.199101
8.134964
0.199428
8.125019
0.199754
8.115101
0.200081
8.105207
0.200408
8.095340
0.200735
8.085498
0.201062
8.075681
0.201389
8.065888
0.201716
8.056122
0.202043
8.046379
0.202369
8.036662
0.202696
8.026970
0.203023
8.017303
0.203350
8.007659
0.203677
7.998041
0.204004
7.988447
0.204331
7.978877
0.204658
7.969331
0.204984
7.959809
0.205311
7.950311
0.205638
7.940837
0.205965
7.931387
0.206292
7.921961
0.206619
7.912558
0.206946
7.903179
0.207273
7.893823
0.207599
7.884490
0.207926
7.875181
0.208253
7.865895
0.208580
7.856632
0.208907
7.847392
0.209234
7.838174
0.209561
7.828979
0.209888
7.819808
0.210214
7.810659
0.210541
7.801532
0.210868
7.792428
0.211195
7.783346
0.211522
7.774286
0.211849
7.765249
0.212176
7.756234
0.212503
7.747241
0.212830
7.738269
0.213156
7.729320
0.213483
7.720392
0.213810
7.711486
0.214137
7.702601
0.214464
7.693738
0.214791
7.684896
0.215118
7.676076
0.215445
7.667277
0.215771
7.658500
0.216098
7.649743
0.216425
7.641007
0.216752
7.632293
0.217079
7.623599
0.217406
7.614926
0.217733
7.606274
0.218060
7.597642
0.218386
7.589031
0.218713
7.580441
0.219040
7.571870
0.219367
7.563321
0.219694
7.554791
0.220021
7.546281
0.220348
7.537792
0.220675
7.529323
0.221001
7.520874
0.221328
7.512444
0.221655
7.504035
0.221982
7.495645
0.222309
7.487275
0.222636
7.478924
0.222963
7.470593
0.223290
7.462281
0.223616
7.453989
0.223943
7.445716
0.224270
7.437462
0.224597
7.429228
0.224924
7.421012
0.225251
7.412816
0.225578
7.404639
0.225905
7.396480
0.226231
7.388340
0.226558
7.380219
0.226885
7.372118
0.227212
7.364034
0.227539
7.355968
0.227866
7.347922
0.228193
7.339894
0.228520
7.331884
0.228846
7.323893
0.229173
7.315919
0.229500
7.307964
0.229827
7.300027
0.230154
7.292109
0.230481
7.284207
0.230808
7.276324
0.231135
7.268459
0.231461
7.260612
0.231788
7.252782
0.232115
7.244970
0.232442
7.237175
0.232769
7.229398
0.233096
7.221639
0.233423
7.213897
0.233750
7.206172
0.234076
7.198465
0.234403
7.190774
0.234730
7.183102
0.235057
7.175446
0.235384
7.167807
0.235711
7.160185
0.236038
7.152580
0.236365
7.144992
0.236692
7.137421
0.237018
7.129866
0.237345
7.122328
0.237672
7.114807
0.237999
7.107303
0.238326
7.099814
0.238653
7.092343
0.238980
7.084888
0.239307
7.077449
0.239633
7.070026
0.239960
7.062620
0.240287
7.055230
0.240614
7.047856
0.240941
7.040498
0.241268
7.033156
0.241595
7.025830
0.241922
7.018520
0.242248
7.011226
0.242575
7.003948
0.242902
6.996686
0.243229
6.989439
0.243556
6.982208
0.243883
6.974992
0.244210
6.967792
0.244537
6.960608
0.244863
6.953438
0.245190
6.946285
0.245517
6.939147
0.245844
6.932023
0.246171
6.924915
0.246498
6.917823
0.246825
6.910745
0.247152
6.903683
0.247478
6.896636
0.247805
6.889603
0.248132
6.882586
0.248459
6.875583
0.248786
6.868595
0.249113
6.861622
0.249440
6.854664
0.249767
6.847721
0.250093
6.840792
0.250420
6.833878
0.250747
6.826978
0.251074
6.820093
0.251401
6.813221
0.251728
6.806365
0.252055
6.799523
0.252382
6.792696
0.252708
6.785882
0.253035
6.779083
0.253362
6.772298
0.253689
6.765527
0.254016
6.758770
0.254343
6.752028
0.254670
6.745298
0.254997
6.738584
0.255323
6.731883
0.255650
6.725196
0.255977
6.718523
0.256304
6.711863
0.256631
6.705217
0.256958
6.698585
0.257285
6.691967
0.257612
6.685361
0.257939
6.678770
0.258265
6.672193
0.258592
6.665628
0.258919
6.659077
0.259246
6.652540
0.259573
6.646015
0.259900
6.639504
0.260227
6.633007
0.260554
6.626522
0.260880
6.620051
0.261207
6.613593
0.261534
6.607148
0.261861
6.600716
0.262188
6.594296
0.262515
6.587891
0.262842
6.581497
0.263169
6.575117
0.263495
6.568749
0.263822
6.562395
0.264149
6.556053
0.264476
6.549724
0.264803
6.543407
0.265130
6.537104
0.265457
6.530812
0.265784
6.524534
0.266110
6.518268
0.266437
6.512014
0.266764
6.505773
0.267091
6.499544
0.267418
6.493327
0.267745
6.487123
0.268072
6.480931
0.268399
6.474752
0.268725
6.468585
0.269052
6.462430
0.269379
6.456286
0.269706
6.450156
0.270033
6.444037
0.270360
6.437930
0.270687
6.431835
0.271014
6.425752
0.271340
6.419682
0.271667
6.413622
0.271994
6.407575
0.272321
6.401540
0.272648
6.395516
0.272975
6.389504
0.273302
6.383504
0.273629
6.377516
0.273955
6.371539
0.274282
6.365574
0.274609
6.359621
0.274936
6.353678
0.275263
6.347748
0.275590
6.341829
0.275917
6.335921
0.276244
6.330025
0.276570
6.324140
0.276897
6.318266
0.277224
6.312404
0.277551
6.306553
0.277878
6.300713
0.278205
6.294884
0.278532
6.289067
0.278859
6.283260
0.279186
6.277465
0.279512
6.271681
0.279839
6.265908
0.280166
6.260146
0.280493
6.254395
0.280820
6.248654
0.281147
6.242925
0.281474
6.237206
0.281801
6.231499
0.282127
6.225802
0.282454
6.220116
0.282781
6.214441
0.283108
6.208776
0.283435
6.203122
0.283762
6.197479
0.284089
6.191846
0.284416
6.186224
0.284742
6.180613
0.285069
6.175012
0.285396
6.169421
0.285723
6.163841
0.286050
6.158272
0.286377
6.152712
0.286704
6.147164
0.287031
6.141625
0.287357
6.136097
0.287684
6.130579
0.288011
6.125072
0.288338
6.119574
0.288665
6.114087
0.288992
6.108610
0.289319
6.103143
0.289646
6.097686
0.289972
6.092239
0.290299
6.086803
0.290626
6.081376
0.290953
6.075960
0.291280
6.070553
0.291607
6.065156
0.291934
6.059770
0.292261
6.054392
0.292587
6.049026
0.292914
6.043668
0.293241
6.038321
0.293568
6.032983
0.293895
6.027655
0.294222
6.022337
0.294549
6.017028
0.294876
6.011729
0.295202
6.006440
0.295529
6.001161
0.295856
5.995891
0.296183
5.990630
0.296510
5.985379
0.296837
5.980137
0.297164
5.974905
0.297491
5.969683
0.297817
5.964469
0.298144
5.959266
0.298471
5.954072
0.298798
5.948886
0.299125
5.943711
0.299452
5.938544
0.299779
5.933387
0.300106
5.928239
0.300433
5.923100
0.300759
5.917971
0.301086
5.912850
0.301413
5.907739
0.301740
5.902637
0.302067
5.897544
0.302394
5.892460
0.302721
5.887385
0.303048
5.882319
0.303374
5.877262
0.303701
5.872214
0.304028
5.867175
0.304355
5.862145
0.304682
5.857124
0.305009
5.852111
0.305336
5.847108
0.305663
5.842113
0.305989
5.837127
0.306316
5.832150
0.306643
5.827181
0.306970
5.822222
0.307297
5.817271
0.307624
5.812328
0.307951
5.807395
0.308278
5.802470
0.308604
5.797554
0.308931
5.792645
0.309258
5.787746
0.309585
5.782856
0.309912
5.777973
0.310239
5.773099
0.310566
5.768234
0.310893
5.763377
0.311219
5.758529
0.311546
5.753689
0.311873
5.748857
0.312200
5.744034
0.312527
5.739219
0.312854
5.734412
0.313181
5.729614
0.313508
5.724824
0.313834
5.720042
0.314161
5.715268
0.314488
5.710503
0.314815
5.705746
0.315142
5.700996
0.315469
5.696256
0.315796
5.691523
0.316123
5.686798
0.316449
5.682081
0.316776
5.677372
0.317103
5.672672
0.317430
5.667979
0.317757
5.663295
0.318084
5.658618
0.318411
5.653949
0.318738
5.649289
0.319064
5.644636
0.319391
5.639991
0.319718
5.635354
0.320045
5.630724
0.320372
5.626103
0.320699
5.621490
0.321026
5.616883
0.321353
5.612285
0.321680
5.607695
0.322006
5.603112
0.322333
5.598537
0.322660
5.593970
0.322987
5.589410
0.323314
5.584858
0.323641
5.580314
0.323968
5.575778
0.324295
5.571248
0.324621
5.566727
0.324948
5.562212
0.325275
5.557706
0.325602
5.553207
0.325929
5.548716
0.326256
5.544231
0.326583
5.539755
0.326910
5.535285
0.327236
5.530824
0.327563
5.526370
0.327890
5.521922
0.328217
5.517483
0.328544
5.513050
0.328871
5.508625
0.329198
5.504208
0.329525
5.499797
0.329851
5.495394
0.330178
5.490998
0.330505
5.486609
0.330832
5.482228
0.331159
5.477853
0.331486
5.473486
0.331813
5.469126
0.332140
5.464773
0.332466
5.460427
0.332793
5.456089
0.333120
5.451757
0.333447
5.447433
0.333774
5.443115
0.334101
5.438805
0.334428
5.434501
0.334755
5.430205
0.335081
5.425915
0.335408
5.421633
0.335735
5.417357
0.336062
5.413088
0.336389
5.408827
0.336716
5.404572
0.337043
5.400324
0.337370
5.396083
0.337696
5.391849
0.338023
5.387621
0.338350
5.383400
0.338677
5.379186
0.339004
5.374979
0.339331
5.370779
0.339658
5.366585
0.339985
5.362398
0.340311
5.358218
0.340638
5.354044
0.340965
5.349877
0.341292
5.345717
0.341619
5.341564
0.341946
5.337417
0.342273
5.333276
0.342600
5.329143
0.342927
5.325016
0.343253
5.320895
0.343580
5.316781
0.343907
5.312673
0.344234
5.308572
0.344561
5.304477
0.344888
5.300389
0.345215
5.296308
0.345542
5.292233
0.345868
5.288164
0.346195
5.284101
0.346522
5.280045
0.346849
5.275996
0.347176
5.271953
0.347503
5.267916
0.347830
5.263885
0.348157
5.259861
0.348483
5.255843
0.348810
5.251832
0.349137
5.247826
0.349464
5.243827
0.349791
5.239834
0.350118
5.235847
0.350445
5.231867
0.350772
5.227893
0.351098
5.223925
0.351425
5.219963
0.351752
5.216008
0.352079
5.212058
0.352406
5.208115
0.352733
5.204177
0.353060
5.200246
0.353387
5.196321
0.353713
5.192402
0.354040
5.188489
0.354367
5.184582
0.354694
5.180681
0.355021
5.176786
0.355348
5.172897
0.355675
5.169014
0.356002
5.165138
0.356328
5.161267
0.356655
5.157402
0.356982
5.153543
0.357309
5.149689
0.357636
5.145842
0.357963
5.142001
0.358290
5.138165
0.358617
5.134336
0.358943
5.130512
0.359270
5.126694
0.359597
5.122881
0.359924
5.119075
0.360251
5.115274
0.360578
5.111480
0.360905
5.107690
0.361232
5.103907
0.361558
5.100130
0.361885
5.096358
0.362212
5.092592
0.362539
5.088831
0.362866
5.085076
0.363193
5.081327
0.363520
5.077584
0.363847
5.073846
0.364174
5.070114
0.364500
5.066388
0.364827
5.062666
0.365154
5.058951
0.365481
5.055242
0.365808
5.051537
0.366135
5.047839
0.366462
5.044146
0.366789
5.040458
0.367115
5.036776
0.367442
5.033099
0.367769
5.029428
0.368096
5.025763
0.368423
5.022102
0.368750
5.018448
0.369077
5.014799
0.369404
5.011155
0.369730
5.007516
0.370057
5.003883
0.370384
5.000256
0.370711
4.996634
0.371038
4.993017
0.371365
4.989406
0.371692
4.985799
0.372019
4.982198
0.372345
4.978603
0.372672
4.975013
0.372999
4.971428
0.373326
4.967848
0.373653
4.964274
0.373980
4.960705
0.374307
4.957141
0.374634
4.953582
0.374960
4.950029
0.375287
4.946481
0.375614
4.942938
0.375941
4.939400
0.376268
4.935867
0.376595
4.932340
0.376922
4.928818
0.377249
4.925301
0.377575
4.921789
0.377902
4.918282
0.378229
4.914780
0.378556
4.911283
0.378883
4.907792
0.379210
4.904305
0.379537
4.900824
0.379864
4.897347
0.380190
4.893876
0.380517
4.890409
0.380844
4.886948
0.381171
4.883492
0.381498
4.880040
0.381825
4.876594
0.382152
4.873153
0.382479
4.869716
0.382805
4.866285
0.383132
4.862858
0.383459
4.859437
0.383786
4.856020
0.384113
4.852608
0.384440
4.849201
0.384767
4.845799
0.385094
4.842402
0.385420
4.839010
0.385747
4.835622
0.386074
4.832240
0.386401
4.828862
0.386728
4.825489
0.387055
4.822121
0.387382
4.818758
0.387709
4.815399
0.388036
4.812046
0.388362
4.808697
0.388689
4.805352
0.389016
4.802013
0.389343
4.798678
0.389670
4.795348
0.389997
4.792023
0.390324
4.788702
0.390651
4.785387
0.390977
4.782075
0.391304
4.778769
0.391631
4.775467
0.391958
4.772170
0.392285
4.768878
0.392612
4.765590
0.392939
4.762306
0.393266
4.759027
0.393592
4.755754
0.393919
4.752484
0.394246
4.749219
0.394573
4.745959
0.394900
4.742703
0.395227
4.739452
0.395554
4.736206
0.395881
4.732964
0.396207
4.729726
0.396534
4.726493
0.396861
4.723264
0.397188
4.720040
0.397515
4.716821
0.397842
4.713606
0.398169
4.710395
0.398496
4.707189
0.398822
4.703988
0.399149
4.700790
0.399476
4.697598
0.399803
4.694409
0.400130
4.691226
0.400457
4.688046
0.400784
4.684871
0.401111
4.681700
0.401437
4.678534
0.401764
4.675372
0.402091
4.672214
0.402418
4.669061
0.402745
4.665912
0.403072
4.662767
0.403399
4.659627
0.403726
4.656491
0.404052
4.653359
0.404379
4.650232
0.404706
4.647109
0.405033
4.643990
0.405360
4.640875
0.405687
4.637765
0.406014
4.634659
0.406341
4.631557
0.406667
4.628459
0.406994
4.625366
0.407321
4.622277
0.407648
4.619192
0.407975
4.616111
0.408302
4.613035
0.408629
4.609962
0.408956
4.606894
0.409283
4.603830
0.409609
4.600770
0.409936
4.597715
0.410263
4.594663
0.410590
4.591616
0.410917
4.588573
0.411244
4.585533
0.411571
4.582498
0.411898
4.579467
0.412224
4.576440
0.412551
4.573417
0.412878
4.570398
0.413205
4.567384
0.413532
4.564373
0.413859
4.561367
0.414186
4.558364
0.414513
4.555365
0.414839
4.552371
0.415166
4.549380
0.415493
4.546394
0.415820
4.543411
0.416147
4.540432
0.416474
4.537458
0.416801
4.534487
0.417128
4.531521
0.417454
4.528558
0.417781
4.525599
0.418108
4.522645
0.418435
4.519694
0.418762
4.516747
0.419089
4.513803
0.419416
4.510865
0.419743
4.507929
0.420069
4.504998
0.420396
4.502070
0.420723
4.499147
0.421050
4.496227
0.421377
4.493311
0.421704
4.490399
0.422031
4.487491
0.422358
4.484587
0.422684
4.481686
0.423011
4.478790
0.423338
4.475897
0.423665
4.473008
0.423992
4.470122
0.424319
4.467241
0.424646
4.464363
0.424973
4.461489
0.425299
4.458619
0.425626
4.455753
0.425953
4.452890
0.426280
4.450031
0.426607
4.447176
0.426934
4.444325
0.427261
4.441477
0.427588
4.438633
0.427914
4.435793
0.428241
4.432956
0.428568
4.430123
0.428895
4.427294
0.429222
4.424469
0.429549
4.421647
0.429876
4.418828
0.430203
4.416014
0.430529
4.413203
0.430856
4.410396
0.431183
4.407592
0.431510
4.404792
0.431837
4.401996
0.432164
4.399203
0.432491
4.396414
0.432818
4.393629
0.433145
4.390847
0.433471
4.388068
0.433798
4.385293
0.434125
4.382522
0.434452
4.379755
0.434779
4.376990
0.435106
4.374230
0.435433
4.371473
0.435760
4.368720
0.436086
4.365970
0.436413
4.363223
0.436740
4.360480
0.437067
4.357741
0.437394
4.355005
0.437721
4.352273
0.438048
4.349544
0.438375
4.346818
0.438701
4.344096
0.439028
4.341378
0.439355
4.338663
0.439682
4.335951
0.440009
4.333243
0.440336
4.330538
0.440663
4.327837
0.440990
4.325139
0.441316
4.322445
0.441643
4.319754
0.441970
4.317066
0.442297
4.314382
0.442624
4.311701
0.442951
4.309024
0.443278
4.306350
0.443605
4.303679
0.443931
4.301012
0.444258
4.298348
0.444585
4.295688
0.444912
4.293030
0.445239
4.290377
0.445566
4.287726
0.445893
4.285079
0.446220
4.282435
0.446546
4.279794
0.446873
4.277157
0.447200
4.274523
0.447527
4.271893
0.447854
4.269265
0.448181
4.266641
0.448508
4.264020
0.448835
4.261403
0.449161
4.258789
0.449488
4.256177
0.449815
4.253570
0.450142
4.250966
0.450469
4.248364
0.450796
4.245766
0.451123
4.243171
0.451450
4.240580
0.451776
4.237991
0.452103
4.235406
0.452430
4.232824
0.452757
4.230246
0.453084
4.227670
0.453411
4.225098
0.453738
4.222529
0.454065
4.219963
0.454392
4.217400
0.454718
4.214840
0.455045
4.212284
0.455372
4.209731
0.455699
4.207181
0.456026
4.204633
0.456353
4.202089
0.456680
4.199549
0.457007
4.197011
0.457333
4.194476
0.457660
4.191945
0.457987
4.189416
0.458314
4.186891
0.458641
4.184369
0.458968
4.181850
0.459295
4.179334
0.459622
4.176821
0.459948
4.174311
0.460275
4.171804
0.460602
4.169301
0.460929
4.166800
0.461256
4.164303
0.461583
4.161808
0.461910
4.159317
0.462237
4.156828
0.462563
4.154343
0.462890
4.151860
0.463217
4.149381
0.463544
4.146904
0.463871
4.144431
0.464198
4.141960
0.464525
4.139493
0.464852
4.137029
0.465178
4.134567
0.465505
4.132109
0.465832
4.129653
0.466159
4.127201
0.466486
4.124751
0.466813
4.122304
0.467140
4.119860
0.467467
4.117420
0.467793
4.114982
0.468120
4.112547
0.468447
4.110115
0.468774
4.107686
0.469101
4.105260
0.469428
4.102837
0.469755
4.100416
0.470082
4.097999
0.470408
4.095584
0.470735
4.093173
0.471062
4.090764
0.471389
4.088358
0.471716
4.085955
0.472043
4.083555
0.472370
4.081158
0.472697
4.078763
0.473023
4.076372
0.473350
4.073983
0.473677
4.071597
0.474004
4.069214
0.474331
4.066833
0.474658
4.064456
0.474985
4.062082
0.475312
4.059710
0.475638
4.057341
0.475965
4.054975
0.476292
4.052612
0.476619
4.050251
0.476946
4.047894
0.477273
4.045538
0.477600
4.043186
0.477927
4.040837
0.478254
4.038490
0.478580
4.036146
0.478907
4.033805
0.479234
4.031467
0.479561
4.029131
0.479888
4.026799
0.480215
4.024468
0.480542
4.022141
0.480869
4.019816
0.481195
4.017495
0.481522
4.015175
0.481849
4.012859
0.482176
4.010545
0.482503
4.008234
0.482830
4.005926
0.483157
4.003620
0.483484
4.001317
0.483810
3.999017
0.484137
3.996719
0.484464
3.994424
0.484791
3.992132
0.485118
3.989843
0.485445
3.987556
0.485772
3.985271
0.486099
3.982990
0.486425
3.980711
0.486752
3.978435
0.487079
3.976161
0.487406
3.973890
0.487733
3.971622
0.488060
3.969356
0.488387
3.967093
0.488714
3.964832
0.489040
3.962574
0.489367
3.960319
0.489694
3.958066
0.490021
3.955816
0.490348
3.953569
0.490675
3.951324
0.491002
3.949082
0.491329
3.946842
0.491655
3.944605
0.491982
3.942370
0.492309
3.940138
0.492636
3.937909
0.492963
3.935682
0.493290
3.933457
0.493617
3.931236
0.493944
3.929016
0.494270
3.926800
0.494597
3.924586
0.494924
3.922374
0.495251
3.920165
0.495578
3.917958
0.495905
3.915754
0.496232
3.913553
0.496559
3.911354
0.496885
3.909157
0.497212
3.906963
0.497539
3.904771
0.497866
3.902582
0.498193
3.900396
0.498520
3.898212
0.498847
3.896030
0.499174
3.893851
0.499501
3.891675
0.499827
3.889500
0.500154
3.887329
0.500481
3.885159
0.500808
3.882993
0.501135
3.880828
0.501462
3.878666
0.501789
3.876507
0.502115
3.874350
0.502442
3.872195
0.502769
3.870043
0.503096
3.867893
0.503423
3.865746
0.503750
3.863601
0.504077
3.861459
0.504404
3.859318
0.504731
3.857181
0.505057
3.855046
0.505384
3.852913
0.505711
3.850782
0.506038
3.848654
0.506365
3.846528
0.506692
3.844405
0.507019
3.842284
0.507346
3.840166
0.507672
3.838049
0.507999
3.835935
0.508326
3.833824
0.508653
3.831715
0.508980
3.829608
0.509307
3.827504
0.509634
3.825402
0.509961
3.823302
0.510287
3.821204
0.510614
3.819109
0.510941
3.817017
0.511268
3.814926
0.511595
3.812838
0.511922
3.810752
0.512249
3.808669
0.512576
3.806587
0.512902
3.804509
0.513229
3.802432
0.513556
3.800358
0.513883
3.798286
0.514210
3.796216
0.514537
3.794149
0.514864
3.792084
0.515191
3.790021
0.515517
3.787960
0.515844
3.785902
0.516171
3.783846
0.516498
3.781792
0.516825
3.779741
0.517152
3.777691
0.517479
3.775644
0.517806
3.773600
0.518133
3.771557
0.518459
3.769517
0.518786
3.767479
0.519113
3.765443
0.519440
3.763409
0.519767
3.761378
0.520094
3.759349
0.520421
3.757322
0.520747
3.755297
0.521074
3.753275
0.521401
3.751254
0.521728
3.749236
0.522055
3.747221
0.522382
3.745207
0.522709
3.743195
0.523036
3.741186
0.523363
3.739179
0.523689
3.737174
0.524016
3.735171
0.524343
3.733171
0.524670
3.731172
0.524997
3.729176
0.525324
3.727182
0.525651
3.725190
0.525978
3.723200
0.526304
3.721212
0.526631
3.719227
0.526958
3.717244
0.527285
3.715262
0.527612
3.713284
0.527939
3.711307
0.528266
3.709332
0.528593
3.707359
0.528919
3.705389
0.529246
3.703420
0.529573
3.701454
0.529900
3.699490
0.530227
3.697528
0.530554
3.695568
0.530881
3.693610
0.531208
3.691654
0.531534
3.689700
0.531861
3.687749
0.532188
3.685799
0.532515
3.683852
0.532842
3.681907
0.533169
3.679964
0.533496
3.678022
0.533823
3.676083
0.534149
3.674146
0.534476
3.672211
0.534803
3.670279
0.535130
3.668348
0.535457
3.666419
0.535784
3.664492
0.536111
3.662568
0.536438
3.660645
0.536764
3.658724
0.537091
3.656806
0.537418
3.654889
0.537745
3.652975
0.538072
3.651062
0.538399
3.649152
0.538726
3.647244
0.539053
3.645337
0.539379
3.643433
0.539706
3.641531
0.540033
3.639630
0.540360
3.637732
0.540687
3.635836
0.541014
3.633941
0.541341
3.632049
0.541668
3.630159
0.541995
3.628271
0.542321
3.626384
0.542648
3.624500
0.542975
3.622617
0.543302
3.620737
0.543629
3.618859
0.543956
3.616982
0.544283
3.615108
0.544609
3.613235
0.544936
3.611365
0.545263
3.609496
0.545590
3.607630
0.545917
3.605765
0.546244
3.603902
0.546571
3.602041
0.546898
3.600183
0.547225
3.598326
0.547551
3.596471
0.547878
3.594618
0.548205
3.592767
0.548532
3.590918
0.548859
3.589071
0.549186
3.587225
0.549513
3.585382
0.549840
3.583540
0.550166
3.581701
0.550493
3.579863
0.550820
3.578027
0.551147
3.576194
0.551474
3.574362
0.551801
3.572532
0.552128
3.570704
0.552455
3.568877
0.552781
3.567053
0.553108
3.565230
0.553435
3.563410
0.553762
3.561591
0.554089
3.559774
0.554416
3.557960
0.554743
3.556146
0.555070
3.554335
0.555396
3.552526
0.555723
3.550718
0.556050
3.548913
0.556377
3.547109
0.556704
3.545307
0.557031
3.543507
0.557358
3.541709
0.557685
3.539912
0.558011
3.538118
0.558338
3.536325
0.558665
3.534534
0.558992
3.532746
0.559319
3.530958
0.559646
3.529173
0.559973
3.527390
0.560300
3.525608
0.560626
3.523828
0.560953
3.522050
0.561280
3.520274
0.561607
3.518499
0.561934
3.516727
0.562261
3.514956
0.562588
3.513187
0.562915
3.511420
0.563241
3.509654
0.563568
3.507891
0.563895
3.506129
0.564222
3.504369
0.564549
3.502611
0.564876
3.500854
0.565203
3.499099
0.565530
3.497347
0.565857
3.495595
0.566183
3.493846
0.566510
3.492099
0.566837
3.490353
0.567164
3.488609
0.567491
3.486866
0.567818
3.485126
0.568145
3.483387
0.568471
3.481650
0.568798
3.479915
0.569125
3.478181
0.569452
3.476450
0.569779
3.474720
0.570106
3.472991
0.570433
3.471265
0.570760
3.469540
0.571087
3.467817
0.571413
3.466096
0.571740
3.464376
0.572067
3.462658
0.572394
3.460942
0.572721
3.459228
0.573048
3.457515
0.573375
3.455804
0.573702
3.454094
0.574028
3.452387
0.574355
3.450681
0.574682
3.448977
0.575009
3.447274
0.575336
3.445574
0.575663
3.443874
0.575990
3.442177
0.576317
3.440481
0.576643
3.438787
0.576970
3.437095
0.577297
3.435404
0.577624
3.433715
0.577951
3.432028
0.578278
3.430343
0.578605
3.428659
0.578932
3.426976
0.579258
3.425296
0.579585
3.423617
0.579912
3.421940
0.580239
3.420264
0.580566
3.418590
0.580893
3.416918
0.581220
3.415247
0.581547
3.413578
0.581873
3.411911
0.582200
3.410245
0.582527
3.408581
0.582854
3.406919
0.583181
3.405258
0.583508
3.403599
0.583835
3.401941
0.584162
3.400285
0.584488
3.398631
0.584815
3.396979
0.585142
3.395328
0.585469
3.393678
0.585796
3.392030
0.586123
3.390384
0.586450
3.388740
0.586777
3.387097
0.587103
3.385456
0.587430
3.383816
0.587757
3.382178
0.588084
3.380542
0.588411
3.378907
0.588738
3.377273
0.589065
3.375642
0.589392
3.374012
0.589719
3.372383
0.590045
3.370756
0.590372
3.369131
0.590699
3.367507
0.591026
3.365885
0.591353
3.364264
0.591680
3.362645
0.592007
3.361028
0.592333
3.359412
0.592660
3.357798
0.592987
3.356185
0.593314
3.354574
0.593641
3.352964
0.593968
3.351357
0.594295
3.349750
0.594622
3.348145
0.594949
3.346542
0.595275
3.344940
0.595602
3.343340
0.595929
3.341741
0.596256
3.340144
0.596583
3.338548
0.596910
3.336954
0.597237
3.335361
0.597564
3.333771
0.597890
3.332181
0.598217
3.330593
0.598544
3.329007
0.598871
3.327422
0.599198
3.325838
0.599525
3.324256
0.599852
3.322676
0.600179
3.321097
0.600505
3.319520
0.600832
3.317944
0.601159
3.316370
0.601486
3.314797
0.601813
3.313226
0.602140
3.311656
0.602467
3.310088
0.602794
3.308521
0.603120
3.306956
0.603447
3.305392
0.603774
3.303830
0.604101
3.302269
0.604428
3.300710
0.604755
3.299152
0.605082
3.297596
0.605409
3.296041
0.605735
3.294488
0.606062
3.292936
0.606389
3.291386
0.606716
3.289837
0.607043
3.288289
0.607370
3.286743
0.607697
3.285199
0.608024
3.283656
0.608351
3.282114
0.608677
3.280574
0.609004
3.279035
0.609331
3.277498
0.609658
3.275962
0.609985
3.274428
0.610312
3.272895
0.610639
3.271364
0.610965
3.269834
0.611292
3.268306
0.611619
3.266778
0.611946
3.265253
0.612273
3.263729
0.612600
3.262206
0.612927
3.260685
0.613254
3.259165
0.613581
3.257646
0.613907
3.256130
0.614234
3.254614
0.614561
3.253100
0.614888
3.251587
0.615215
3.250076
0.615542
3.248566
0.615869
3.247057
0.616196
3.245550
0.616522
3.244045
0.616849
3.242540
0.617176
3.241038
0.617503
3.239536
0.617830
3.238036
0.618157
3.236537
0.618484
3.235040
0.618811
3.233544
0.619137
3.232050
0.619464
3.230557
0.619791
3.229065
0.620118
3.227575
0.620445
3.226086
0.620772
3.224599
0.621099
3.223113
0.621426
3.221628
0.621752
3.220145
0.622079
3.218663
0.622406
3.217182
0.622733
3.215703
0.623060
3.214225
0.623387
3.212749
0.623714
3.211274
0.624041
3.209800
0.624367
3.208328
0.624694
3.206857
0.625021
3.205387
0.625348
3.203919
0.625675
3.202452
0.626002
3.200986
0.626329
3.199522
0.626656
3.198059
0.626982
3.196598
0.627309
3.195138
0.627636
3.193679
0.627963
3.192221
0.628290
3.190765
0.628617
3.189311
0.628944
3.187857
0.629271
3.186405
0.629597
3.184954
0.629924
3.183505
0.630251
3.182057
0.630578
3.180610
0.630905
3.179165
0.631232
3.177721
0.631559
3.176278
0.631886
3.174836
0.632213
3.173396
0.632539
3.171957
0.632866
3.170520
0.633193
3.169084
0.633520
3.167649
0.633847
3.166215
0.634174
3.164783
0.634501
3.163352
0.634827
3.161922
0.635154
3.160494
0.635481
3.159067
0.635808
3.157641
0.636135
3.156217
0.636462
3.154794
0.636789
3.153372
0.637116
3.151951
0.637443
3.150532
0.637769
3.149114
0.638096
3.147697
0.638423
3.146282
0.638750
3.144868
0.639077
3.143455
0.639404
3.142044
0.639731
3.140633
0.640058
3.139224
0.640384
3.137817
0.640711
3.136410
0.641038
3.135005
0.641365
3.133601
0.641692
3.132198
0.642019
3.130797
0.642346
3.129397
0.642673
3.127998
0.642999
3.126601
0.643326
3.125204
0.643653
3.123809
0.643980
3.122416
0.644307
3.121023
0.644634
3.119632
0.644961
3.118242
0.645288
3.116853
0.645614
3.115465
0.645941
3.114079
0.646268
3.112694
0.646595
3.111310
0.646922
3.109928
0.647249
3.108546
0.647576
3.107166
0.647903
3.105787
0.648229
3.104410
0.648556
3.103033
0.648883
3.101658
0.649210
3.100284
0.649537
3.098912
0.649864
3.097540
0.650191
3.096170
0.650518
3.094801
0.650844
3.093433
0.651171
3.092067
0.651498
3.090701
0.651825
3.089337
0.652152
3.087974
0.652479
3.086612
0.652806
3.085252
0.653133
3.083893
0.653459
3.082534
0.653786
3.081177
0.654113
3.079822
0.654440
3.078467
0.654767
3.077114
0.655094
3.075762
0.655421
3.074411
0.655748
3.073061
0.656075
3.071713
0.656401
3.070366
0.656728
3.069020
0.657055
3.067675
0.657382
3.066331
0.657709
3.064988
0.658036
3.063647
0.658363
3.062307
0.658689
3.060968
0.659016
3.059630
0.659343
3.058294
0.659670
3.056958
0.659997
3.055624
0.660324
3.054291
0.660651
3.052959
0.660978
3.051628
0.661305
3.050299
0.661631
3.048970
0.661958
3.047643
0.662285
3.046317
0.662612
3.044992
0.662939
3.043668
0.663266
3.042346
0.663593
3.041024
0.663920
3.039704
0.664246
3.038385
0.664573
3.037067
0.664900
3.035750
0.665227
3.034434
0.665554
3.033120
0.665881
3.031806
0.666208
3.030494
0.666535
3.029183
0.666861
3.027873
0.667188
3.026565
0.667515
3.025257
0.667842
3.023951
0.668169
3.022645
0.668496
3.021341
0.668823
3.020038
0.669150
3.018736
0.669476
3.017435
0.669803
3.016135
0.670130
3.014837
0.670457
3.013539
0.670784
3.012243
0.671111
3.010948
0.671438
3.009654
0.671765
3.008361
0.672091
3.007069
0.672418
3.005778
0.672745
3.004489
0.673072
3.003200
0.673399
3.001913
0.673726
3.000627
0.674053
2.999342
0.674380
2.998058
0.674706
2.996775
0.675033
2.995493
0.675360
2.994212
0.675687
2.992933
0.676014
2.991654
0.676341
2.990377
0.676668
2.989100
0.676995
2.987825
0.677321
2.986551
0.677648
2.985278
0.677975
2.984006
0.678302
2.982735
0.678629
2.981466
0.678956
2.980197
0.679283
2.978930
0.679610
2.977663
0.679937
2.976398
0.680263
2.975133
0.680590
2.973870
0.680917
2.972608
0.681244
2.971347
0.681571
2.970087
0.681898
2.968828
0.682225
2.967570
0.682552
2.966314
0.682878
2.965058
0.683205
2.963804
0.683532
2.962550
0.683859
2.961298
0.684186
2.960046
0.684513
2.958796
0.684840
2.957546
0.685167
2.956298
0.685493
2.955051
0.685820
2.953805
0.686147
2.952560
0.686474
2.951316
0.686801
2.950073
0.687128
2.948831
0.687455
2.947591
0.687782
2.946351
0.688108
2.945112
0.688435
2.943875
0.688762
2.942638
0.689089
2.941402
0.689416
2.940168
0.689743
2.938935
0.690070
2.937702
0.690397
2.936471
0.690723
2.935241
0.691050
2.934011
0.691377
2.932783
0.691704
2.931556
0.692031
2.930330
0.692358
2.929104
0.692685
2.927880
0.693012
2.926657
0.693338
2.925435
0.693665
2.924214
0.693992
2.922994
0.694319
2.921775
0.694646
2.920557
0.694973
2.919340
0.695300
2.918124
0.695627
2.916910
0.695953
2.915696
0.696280
2.914483
0.696607
2.913271
0.696934
2.912060
0.697261
2.910851
0.697588
2.909642
0.697915
2.908434
0.698242
2.907227
0.698569
2.906021
0.698895
2.904817
0.699222
2.903613
0.699549
2.902410
0.699876
2.901209
0.700203
2.900008
0.700530
2.898808
0.700857
2.897609
0.701183
2.896412
0.701510
2.895215
0.701837
2.894019
0.702164
2.892825
0.702491
2.891631
0.702818
2.890438
0.703145
2.889246
0.703472
2.888056
0.703799
2.886866
0.704125
2.885677
0.704452
2.884489
0.704779
2.883302
0.705106
2.882117
0.705433
2.880932
0.705760
2.879748
0.706087
2.878565
0.706414
2.877383
0.706740
2.876202
0.707067
2.875022
0.707394
2.873843
0.707721
2.872665
0.708048
2.871488
0.708375
2.870312
0.708702
2.869137
0.709029
2.867963
0.709355
2.866790
0.709682
2.865618
0.710009
2.864446
0.710336
2.863276
0.710663
2.862107
0.710990
2.860939
0.711317
2.859771
0.711644
2.858605
0.711970
2.857439
0.712297
2.856275
0.712624
2.855111
0.712951
2.853949
0.713278
2.852787
0.713605
2.851626
0.713932
2.850467
0.714259
2.849308
0.714585
2.848150
0.714912
2.846993
0.715239
2.845837
0.715566
2.844682
0.715893
2.843529
0.716220
2.842375
0.716547
2.841223
0.716874
2.840072
0.717200
2.838922
0.717527
2.837772
0.717854
2.836624
0.718181
2.835477
0.718508
2.834330
0.718835
2.833184
0.719162
2.832040
0.719489
2.830896
0.719815
2.829753
0.720142
2.828611
0.720469
2.827471
0.720796
2.826330
0.721123
2.825191
0.721450
2.824053
0.721777
2.822916
0.722104
2.821780
0.722431
2.820644
0.722757
2.819510
0.723084
2.818376
0.723411
2.817244
0.723738
2.816112
0.724065
2.814981
0.724392
2.813851
0.724719
2.812722
0.725046
2.811594
0.725372
2.810467
0.725699
2.809341
0.726026
2.808216
0.726353
2.807091
0.726680
2.805968
0.727007
2.804845
0.727334
2.803723
0.727661
2.802603
0.727987
2.801483
0.728314
2.800364
0.728641
2.799246
0.728968
2.798128
0.729295
2.797012
0.729622
2.795897
0.729949
2.794782
0.730276
2.793669
0.730602
2.792556
0.730929
2.791444
0.731256
2.790333
0.731583
2.789223
0.731910
2.788114
0.732237
2.787006
0.732564
2.785898
0.732891
2.784792
0.733217
2.783686
0.733544
2.782582
0.733871
2.781478
0.734198
2.780375
0.734525
2.779273
0.734852
2.778172
0.735179
2.777071
0.735506
2.775972
0.735832
2.774873
0.736159
2.773776
0.736486
2.772679
0.736813
2.771583
0.737140
2.770488
0.737467
2.769393
0.737794
2.768300
0.738121
2.767208
0.738447
2.766116
0.738774
2.765025
0.739101
2.763936
0.739428
2.762847
0.739755
2.761759
0.740082
2.760671
0.740409
2.759585
0.740736
2.758499
0.741062
2.757415
0.741389
2.756331
0.741716
2.755248
0.742043
2.754166
0.742370
2.753085
0.742697
2.752004
0.743024
2.750925
0.743351
2.749846
0.743677
2.748768
0.744004
2.747691
0.744331
2.746615
0.744658
2.745540
0.744985
2.744465
0.745312
2.743392
0.745639
2.742319
0.745966
2.741247
0.746293
2.740176
0.746619
2.739106
0.746946
2.738036
0.747273
2.736968
0.747600
2.735900
0.747927
2.734833
0.748254
2.733767
0.748581
2.732702
0.748908
2.731638
0.749234
2.730574
0.749561
2.729512
0.749888
2.728450
0.750215
2.727389
0.750542
2.726329
0.750869
2.725269
0.751196
2.724211
0.751523
2.723153
0.751849
2.722096
0.752176
2.721040
0.752503
2.719985
0.752830
2.718931
0.753157
2.717877
0.753484
2.716824
0.753811
2.715772
0.754138
2.714721
0.754464
2.713671
0.754791
2.712621
0.755118
2.711573
0.755445
2.710525
0.755772
2.709478
0.756099
2.708432
0.756426
2.707386
0.756753
2.706342
0.757079
2.705298
0.757406
2.704255
0.757733
2.703213
0.758060
2.702172
0.758387
2.701131
0.758714
2.700091
0.759041
2.699053
0.759368
2.698014
0.759694
2.696977
0.760021
2.695941
0.760348
2.694905
0.760675
2.693870
0.761002
2.692836
0.761329
2.691803
0.761656
2.690770
0.761983
2.689739
0.762309
2.688708
0.762636
2.687677
0.762963
2.686648
0.763290
2.685620
0.763617
2.684592
0.763944
2.683565
0.764271
2.682539
0.764598
2.681513
0.764925
2.680489
0.765251
2.679465
0.765578
2.678442
0.765905
2.677420
0.766232
2.676399
0.766559
2.675378
0.766886
2.674358
0.767213
2.673339
0.767540
2.672321
0.767866
2.671303
0.768193
2.670286
0.768520
2.669270
0.768847
2.668255
0.769174
2.667241
0.769501
2.666227
0.769828
2.665214
0.770155
2.664202
0.770481
2.663191
0.770808
2.662180
0.771135
2.661171
0.771462
2.660162
0.771789
2.659153
0.772116
2.658146
0.772443
2.657139
0.772770
2.656133
0.773096
2.655128
0.773423
2.654124
0.773750
2.653120
0.774077
2.652117
0.774404
2.651115
0.774731
2.650114
0.775058
2.649114
0.775385
2.648114
0.775711
2.647115
0.776038
2.646116
0.776365
2.645119
0.776692
2.644122
0.777019
2.643126
0.777346
2.642131
0.777673
2.641136
0.778000
2.640143
0.778326
2.639150
0.778653
2.638157
0.778980
2.637166
0.779307
2.636175
0.779634
2.635185
0.779961
2.634196
0.780288
2.633207
0.780615
2.632220
0.780941
2.631233
0.781268
2.630246
0.781595
2.629261
0.781922
2.628276
0.782249
2.627292
0.782576
2.626309
0.782903
2.625326
0.783230
2.624344
0.783556
2.623363
0.783883
2.622383
0.784210
2.621403
0.784537
2.620425
0.784864
2.619447
0.785191
2.618469
0.785518
2.617492
0.785845
2.616517
0.786171
2.615541
0.786498
2.614567
0.786825
2.613593
0.787152
2.612620
0.787479
2.611648
0.787806
2.610676
0.788133
2.609705
0.788460
2.608736
0.788787
2.607766
0.789113
2.606797
0.789440
2.605829
0.789767
2.604862
0.790094
2.603896
0.790421
2.602930
0.790748
2.601965
0.791075
2.601001
0.791402
2.600037
0.791728
2.599074
0.792055
2.598112
0.792382
2.597151
0.792709
2.596190
0.793036
2.595230
0.793363
2.594271
0.793690
2.593312
0.794017
2.592354
0.794343
2.591397
0.794670
2.590441
0.794997
2.589485
0.795324
2.588530
0.795651
2.587576
0.795978
2.586622
0.796305
2.585669
0.796632
2.584717
0.796958
2.583766
0.797285
2.582815
0.797612
2.581865
0.797939
2.580915
0.798266
2.579967
0.798593
2.579019
0.798920
2.578072
0.799247
2.577125
0.799573
2.576179
0.799900
2.575234
0.800227
2.574289
0.800554
2.573346
0.800881
2.572402
0.801208
2.571460
0.801535
2.570518
0.801862
2.569577
0.802188
2.568637
0.802515
2.567698
0.802842
2.566759
0.803169
2.565820
0.803496
2.564883
0.803823
2.563946
0.804150
2.563010
0.804477
2.562074
0.804803
2.561140
0.805130
2.560206
0.805457
2.559272
0.805784
2.558340
0.806111
2.557407
0.806438
2.556476
0.806765
2.555545
0.807092
2.554615
0.807418
2.553686
0.807745
2.552758
0.808072
2.551830
0.808399
2.550902
0.808726
2.549976
0.809053
2.549050
0.809380
2.548125
0.809707
2.547200
0.810034
2.546276
0.810360
2.545353
0.810687
2.544430
0.811014
2.543508
0.811341
2.542587
0.811668
2.541667
0.811995
2.540747
0.812322
2.539828
0.812649
2.538909
0.812975
2.537991
0.813302
2.537074
0.813629
2.536158
0.813956
2.535242
0.814283
2.534327
0.814610
2.533412
0.814937
2.532498
0.815264
2.531585
0.815590
2.530672
0.815917
2.529761
0.816244
2.528849
0.816571
2.527939
0.816898
2.527029
0.817225
2.526120
0.817552
2.525211
0.817879
2.524303
0.818205
2.523396
0.818532
2.522489
0.818859
2.521583
0.819186
2.520678
0.819513
2.519773
0.819840
2.518869
0.820167
2.517966
0.820494
2.517063
0.820820
2.516161
0.821147
2.515260
0.821474
2.514359
0.821801
2.513459
0.822128
2.512560
0.822455
2.511661
0.822782
2.510763
0.823109
2.509865
0.823435
2.508969
0.823762
2.508072
0.824089
2.507177
0.824416
2.506282
0.824743
2.505388
0.825070
2.504494
0.825397
2.503601
0.825724
2.502709
0.826050
2.501817
0.826377
2.500926
0.826704
2.500036
0.827031
2.499146
0.827358
2.498256
0.827685
2.497368
0.828012
2.496480
0.828339
2.495593
0.828665
2.494706
0.828992
2.493820
0.829319
2.492935
0.829646
2.492050
0.829973
2.491166
0.830300
2.490283
0.830627
2.489400
0.830954
2.488518
0.831280
2.487636
0.831607
2.486755
0.831934
2.485875
0.832261
2.484995
0.832588
2.484116
0.832915
2.483238
0.833242
2.482360
0.833569
2.481483
0.833896
2.480606
0.834222
2.479730
0.834549
2.478855
0.834876
2.477980
0.835203
2.477106
0.835530
2.476233
0.835857
2.475360
0.836184
2.474488
0.836511
2.473616
0.836837
2.472745
0.837164
2.471874
0.837491
2.471005
0.837818
2.470136
0.838145
2.469267
0.838472
2.468399
0.838799
2.467532
0.839126
2.466665
0.839452
2.465799
0.839779
2.464934
0.840106
2.464069
0.840433
2.463205
0.840760
2.462341
0.841087
2.461478
0.841414
2.460616
0.841741
2.459754
0.842067
2.458893
0.842394
2.458032
0.842721
2.457172
0.843048
2.456313
0.843375
2.455454
0.843702
2.454596
0.844029
2.453738
0.844356
2.452881
0.844682
2.452025
0.845009
2.451169
0.845336
2.450314
0.845663
2.449459
0.845990
2.448606
0.846317
2.447752
0.846644
2.446899
0.846971
2.446047
0.847297
2.445196
0.847624
2.444345
0.847951
2.443494
0.848278
2.442645
0.848605
2.441795
0.848932
2.440947
0.849259
2.440099
0.849586
2.439251
0.849912
2.438405
0.850239
2.437558
0.850566
2.436713
0.850893
2.435868
0.851220
2.435023
0.851547
2.434179
0.851874
2.433336
0.852201
2.432493
0.852527
2.431651
0.852854
2.430810
0.853181
2.429969
0.853508
2.429128
0.853835
2.428289
0.854162
2.427449
0.854489
2.426611
0.854816
2.425773
0.855143
2.424935
0.855469
2.424098
0.855796
2.423262
0.856123
2.422427
0.856450
2.421592
0.856777
2.420757
0.857104
2.419923
0.857431
2.419090
0.857758
2.418257
0.858084
2.417425
0.858411
2.416593
0.858738
2.415762
0.859065
2.414932
0.859392
2.414102
0.859719
2.413272
0.860046
2.412443
0.860373
2.411615
0.860699
2.410788
0.861026
2.409961
0.861353
2.409134
0.861680
2.408308
0.862007
2.407483
0.862334
2.406658
0.862661
2.405834
0.862988
2.405010
0.863314
2.404187
0.863641
2.403364
0.863968
2.402543
0.864295
2.401721
0.864622
2.400900
0.864949
2.400080
0.865276
2.399261
0.865603
2.398441
0.865929
2.397623
0.866256
2.396805
0.866583
2.395987
0.866910
2.395170
0.867237
2.394354
0.867564
2.393538
0.867891
2.392723
0.868218
2.391908
0.868544
2.391094
0.868871
2.390281
0.869198
2.389468
0.869525
2.388655
0.869852
2.387844
0.870179
2.387032
0.870506
2.386222
0.870833
2.385411
0.871159
2.384602
0.871486
2.383793
0.871813
2.382984
0.872140
2.382176
0.872467
2.381369
0.872794
2.380562
0.873121
2.379755
0.873448
2.378950
0.873774
2.378144
0.874101
2.377340
0.874428
2.376535
0.874755
2.375732
0.875082
2.374929
0.875409
2.374126
0.875736
2.373324
0.876063
2.372523
0.876390
2.371722
0.876716
2.370922
0.877043
2.370122
0.877370
2.369323
0.877697
2.368524
0.878024
2.367726
0.878351
2.366928
0.878678
2.366131
0.879005
2.365335
0.879331
2.364539
0.879658
2.363743
0.879985
2.362948
0.880312
2.362154
0.880639
2.361360
0.880966
2.360567
0.881293
2.359774
0.881620
2.358982
0.881946
2.358190
0.882273
2.357399
0.882600
2.356608
0.882927
2.355818
0.883254
2.355028
0.883581
2.354239
0.883908
2.353451
0.884235
2.352663
0.884561
2.351875
0.884888
2.351089
0.885215
2.350302
0.885542
2.349516
0.885869
2.348731
0.886196
2.347946
0.886523
2.347162
0.886850
2.346378
0.887176
2.345595
0.887503
2.344812
0.887830
2.344030
0.888157
2.343248
0.888484
2.342467
0.888811
2.341686
0.889138
2.340906
0.889465
2.340127
0.889791
2.339348
0.890118
2.338569
0.890445
2.337791
0.890772
2.337014
0.891099
2.336237
0.891426
2.335460
0.891753
2.334685
0.892080
2.333909
0.892406
2.333134
0.892733
2.332360
0.893060
2.331586
0.893387
2.330813
0.893714
2.330040
0.894041
2.329268
0.894368
2.328496
0.894695
2.327724
0.895021
2.326954
0.895348
2.326184
0.895675
2.325414
0.896002
2.324645
0.896329
2.323876
0.896656
2.323107
0.896983
2.322340
0.897310
2.321573
0.897636
2.320806
0.897963
2.320040
0.898290
2.319274
0.898617
2.318509
0.898944
2.317744
0.899271
2.316980
0.899598
2.316217
0.899925
2.315454
0.900252
2.314691
0.900578
2.313929
0.900905
2.313167
0.901232
2.312406
0.901559
2.311646
0.901886
2.310885
0.902213
2.310126
0.902540
2.309367
0.902867
2.308608
0.903193
2.307850
0.903520
2.307092
0.903847
2.306335
0.904174
2.305579
0.904501
2.304823
0.904828
2.304067
0.905155
2.303312
0.905482
2.302557
0.905808
2.301803
0.906135
2.301050
0.906462
2.300297
0.906789
2.299544
0.907116
2.298792
0.907443
2.298040
0.907770
2.297289
0.908097
2.296538
0.908423
2.295788
0.908750
2.295038
0.909077
2.294289
0.909404
2.293541
0.909731
2.292793
0.910058
2.292045
0.910385
2.291298
0.910712
2.290551
0.911038
2.289805
0.911365
2.289059
0.911692
2.288314
0.912019
2.287569
0.912346
2.286825
0.912673
2.286081
0.913000
2.285338
0.913327
2.284595
0.913653
2.283853
0.913980
2.283111
0.914307
2.282369
0.914634
2.281628
0.914961
2.280888
0.915288
2.280148
0.915615
2.279409
0.915942
2.278670
0.916268
2.277931
0.916595
2.277193
0.916922
2.276456
0.917249
2.275719
0.917576
2.274982
0.917903
2.274246
0.918230
2.273511
0.918557
2.272775
0.918884
2.272041
0.919210
2.271307
0.919537
2.270573
0.919864
2.269840
0.920191
2.269107
0.920518
2.268375
0.920845
2.267643
0.921172
2.266912
0.921498
2.266181
0.921825
2.265451
0.922152
2.264721
0.922479
2.263991
0.922806
2.263263
0.923133
2.262534
0.923460
2.261806
0.923787
2.261078
0.924114
2.260351
0.924440
2.259625
0.924767
2.258899
0.925094
2.258173
0.925421
2.257448
0.925748
2.256723
0.926075
2.255999
0.926402
2.255275
0.926729
2.254552
0.927055
2.253829
0.927382
2.253107
0.927709
2.252385
0.928036
2.251663
0.928363
2.250942
0.928690
2.250222
0.929017
2.249502
0.929344
2.248782
0.929670
2.248063
0.929997
2.247344
0.930324
2.246626
0.930651
2.245908
0.930978
2.245191
0.931305
2.244474
0.931632
2.243758
0.931959
2.243042
0.932285
2.242326
0.932612
2.241612
0.932939
2.240897
0.933266
2.240183
0.933593
2.239470
0.933920
2.238756
0.934247
2.238044
0.934574
2.237331
0.934900
2.236619
0.935227
2.235908
0.935554
2.235197
0.935881
2.234487
0.936208
2.233777
0.936535
2.233068
0.936862
2.232358
0.937189
2.231650
0.937515
2.230942
0.937842
2.230234
0.938169
2.229527
0.938496
2.228820
0.938823
2.228113
0.939150
2.227407
0.939477
2.226702
0.939804
2.225997
0.940130
2.225292
0.940457
2.224588
0.940784
2.223885
0.941111
2.223181
0.941438
2.222479
0.941765
2.221776
0.942092
2.221075
0.942419
2.220373
0.942746
2.219672
0.943072
2.218971
0.943399
2.218271
0.943726
2.217572
0.944053
2.216873
0.944380
2.216174
0.944707
2.215476
0.945034
2.214778
0.945361
2.214080
0.945687
2.213383
0.946014
2.212687
0.946341
2.211991
0.946668
2.211295
0.946995
2.210600
0.947322
2.209905
0.947649
2.209210
0.947976
2.208517
0.948302
2.207823
0.948629
2.207130
0.948956
2.206437
0.949283
2.205745
0.949610
2.205053
0.949937
2.204362
0.950264
2.203671
0.950591
2.202981
0.950917
2.202291
0.951244
2.201601
0.951571
2.200912
0.951898
2.200223
0.952225
2.199535
0.952552
2.198847
0.952879
2.198160
0.953206
2.197473
0.953532
2.196786
0.953859
2.196100
0.954186
2.195415
0.954513
2.194729
0.954840
2.194045
0.955167
2.193360
0.955494
2.192676
0.955821
2.191993
0.956147
2.191310
0.956474
2.190627
0.956801
2.189945
0.957128
2.189263
0.957455
2.188581
0.957782
2.187901
0.958109
2.187220
0.958436
2.186540
0.958762
2.185860
0.959089
2.185181
0.959416
2.184502
0.959743
2.183824
0.960070
2.183146
0.960397
2.182468
0.960724
2.181791
0.961051
2.181114
0.961378
2.180438
0.961704
2.179762
0.962031
2.179086
0.962358
2.178411
0.962685
2.177737
0.963012
2.177063
0.963339
2.176389
0.963666
2.175715
0.963992
2.175042
0.964319
2.174370
0.964646
2.173698
0.964973
2.173026
0.965300
2.172355
0.965627
2.171684
0.965954
2.171014
0.966281
2.170344
0.966608
2.169674
0.966934
2.169005
0.967261
2.168336
0.967588
2.167668
0.967915
2.167000
0.968242
2.166332
0.968569
2.165665
0.968896
2.164998
0.969223
2.164332
0.969549
2.163666
0.969876
2.163001
0.970203
2.162335
0.970530
2.161671
0.970857
2.161006
0.971184
2.160343
0.971511
2.159679
0.971838
2.159016
0.972164
2.158354
0.972491
2.157691
0.972818
2.157030
0.973145
2.156368
0.973472
2.155707
0.973799
2.155047
0.974126
2.154387
0.974453
2.153727
0.974779
2.153067
0.975106
2.152408
0.975433
2.151750
0.975760
2.151092
0.976087
2.150434
0.976414
2.149777
0.976741
2.149120
0.977068
2.148463
0.977394
2.147807
0.977721
2.147151
0.978048
2.146496
0.978375
2.145841
0.978702
2.145187
0.979029
2.144532
0.979356
2.143879
0.979683
2.143225
0.980009
2.142572
0.980336
2.141920
0.980663
2.141268
0.980990
2.140616
0.981317
2.139965
0.981644
2.139314
0.981971
2.138663
0.982298
2.138013
0.982624
2.137363
0.982951
2.136714
0.983278
2.136065
0.983605
2.135417
0.983932
2.134768
0.984259
2.134121
0.984586
2.133473
0.984913
2.132827
0.985240
2.132180
0.985566
2.131534
0.985893
2.130888
0.986220
2.130243
0.986547
2.129598
0.986874
2.128953
0.987201
2.128309
0.987528
2.127665
0.987854
2.127022
0.988181
2.126379
0.988508
2.125736
0.988835
2.125094
0.989162
2.124452
0.989489
2.123810
0.989816
2.123169
0.990143
2.122529
0.990470
2.121888
0.990796
2.121248
0.991123
2.120609
0.991450
2.119970
0.991777
2.119331
0.992104
2.118692
0.992431
2.118054
0.992758
2.117417
0.993085
2.116780
0.993411
2.116143
0.993738
2.115506
0.994065
2.114870
0.994392
2.114234
0.994719
2.113599
0.995046
2.112964
0.995373
2.112330
0.995700
2.111696
0.996026
2.111062
0.996353
2.110429
0.996680
2.109796
0.997007
2.109163
0.997334
2.108531
0.997661
2.107899
0.997988
2.107267
0.998315
2.106636
0.998641
2.106005
0.998968
2.105375
0.999295
2.104745
0.999622
2.104115
0.999949
2.103486
1.000276
2.102858
1.000603
2.102229
1.000930
2.101601
1.001256
2.100973
1.001583
2.100346
1.001910
2.099719
1.002237
2.099092
1.002564
2.098466
1.002891
2.097841
1.003218
2.097215
1.003545
2.096590
1.003871
2.095965
1.004198
2.095341
1.004525
2.094717
1.004852
2.094093
1.005179
2.093470
1.005506
2.092847
1.005833
2.092225
1.006160
2.091603
1.006487
2.090981
1.006813
2.090360
1.007140
2.089739
1.007467
2.089118
1.007794
2.088498
1.008121
2.087878
1.008448
2.087259
1.008775
2.086639
1.009102
2.086021
1.009428
2.085402
1.009755
2.084784
1.010082
2.084167
1.010409
2.083549
1.010736
2.082932
1.011063
2.082316
1.011390
2.081700
1.011716
2.081084
1.012043
2.080468
1.012370
2.079853
1.012697
2.079239
1.013024
2.078624
1.013351
2.078010
1.013678
2.077397
1.014005
2.076783
1.014332
2.076170
1.014658
2.075558
1.014985
2.074946
1.015312
2.074334
1.015639
2.073723
1.015966
2.073112
1.016293
2.072501
1.016620
2.071890
1.016947
2.071280
1.017273
2.070671
1.017600
2.070061
1.017927
2.069453
1.018254
2.068844
1.018581
2.068236
1.018908
2.067628
1.019235
2.067020
1.019562
2.066413
1.019888
2.065807
1.020215
2.065200
1.020542
2.064594
1.020869
2.063988
1.021196
2.063383
1.021523
2.062778
1.021850
2.062173
1.022177
2.061569
1.022503
2.060965
1.022830
2.060362
1.023157
2.059758
1.023484
2.059156
1.023811
2.058553
1.024138
2.057951
1.024465
2.057349
1.024792
2.056748
1.025118
2.056147
1.025445
2.055546
1.025772
2.054945
1.026099
2.054346
1.026426
2.053746
1.026753
2.053147
1.027080
2.052547
1.027407
2.051949
1.027733
2.051351
1.028060
2.050753
1.028387
2.050155
1.028714
2.049558
1.029041
2.048961
1.029368
2.048365
1.029695
2.047768
1.030022
2.047173
1.030349
2.046577
1.030675
2.045982
1.031002
2.045387
1.031329
2.044793
1.031656
2.044199
1.031983
2.043605
1.032310
2.043011
1.032637
2.042418
1.032964
2.041826
1.033290
2.041233
1.033617
2.040641
1.033944
2.040050
1.034271
2.039458
1.034598
2.038867
1.034925
2.038277
1.035252
2.037686
1.035578
2.037097
1.035905
2.036507
1.036232
2.035918
1.036559
2.035329
1.036886
2.034740
1.037213
2.034152
1.037540
2.033564
1.037867
2.032976
1.038194
2.032389
1.038520
2.031802
1.038847
2.031216
1.039174
2.030630
1.039501
2.030044
1.039828
2.029458
1.040155
2.028873
1.040482
2.028288
1.040809
2.027704
1.041135
2.027120
1.041462
2.026536
1.041789
2.025952
1.042116
2.025369
1.042443
2.024786
1.042770
2.024204
1.043097
2.023622
1.043424
2.023040
1.043750
2.022458
1.044077
2.021877
1.044404
2.021297
1.044731
2.020716
1.045058
2.020136
1.045385
2.019556
1.045712
2.018977
1.046039
2.018398
1.046365
2.017819
1.046692
2.017240
1.047019
2.016662
1.047346
2.016084
1.047673
2.015507
1.048000
2.014930
1.048327
2.014353
1.048654
2.013777
1.048980
2.013200
1.049307
2.012625
1.049634
2.012049
1.049961
2.011474
1.050288
2.010899
1.050615
2.010324
1.050942
2.009750
1.051269
2.009176
1.051595
2.008603
1.051922
2.008030
1.052249
2.007457
1.052576
2.006885
1.052903
2.006312
1.053230
2.005741
1.053557
2.005169
1.053884
2.004598
1.054211
2.004027
1.054537
2.003456
1.054864
2.002886
1.055191
2.002316
1.055518
2.001747
1.055845
2.001178
1.056172
2.000608
1.056499
2.000040
1.056826
1.999472
1.057152
1.998904
1.057479
1.998336
1.057806
1.997769
1.058133
1.997202
1.058460
1.996635
1.058787
1.996069
1.059114
1.995503
1.059440
1.994937
1.059767
1.994372
1.060094
1.993807
1.060421
1.993242
1.060748
1.992678
1.061075
1.992113
1.061402
1.991550
1.061729
1.990986
1.062056
1.990423
1.062382
1.989860
1.062709
1.989298
1.063036
1.988736
1.063363
1.988174
1.063690
1.987612
1.064017
1.987051
1.064344
1.986490
1.064671
1.985930
1.064997
1.985369
1.065324
1.984810
1.065651
1.984250
1.065978
1.983691
1.066305
1.983132
1.066632
1.982573
1.066959
1.982015
1.067286
1.981457
1.067612
1.980899
1.067939
1.980341
1.068266
1.979784
1.068593
1.979228
1.068920
1.978671
1.069247
1.978115
1.069574
1.977559
1.069901
1.977004
1.070228
1.976448
1.070554
1.975893
1.070881
1.975339
1.071208
1.974785
1.071535
1.974231
1.071862
1.973677
1.072189
1.973124
1.072516
1.972571
1.072842
1.972018
1.073169
1.971465
1.073496
1.970913
1.073823
1.970362
1.074150
1.969810
1.074477
1.969259
1.074804
1.968708
1.075131
1.968158
1.075457
1.967607
1.075784
1.967057
1.076111
1.966508
1.076438
1.965958
1.076765
1.965410
1.077092
1.964861
1.077419
1.964312
1.077746
1.963764
1.078073
1.963217
1.078399
1.962669
1.078726
1.962122
1.079053
1.961575
1.079380
1.961029
1.079707
1.960482
1.080034
1.959936
1.080361
1.959391
1.080688
1.958845
1.081014
1.958300
1.081341
1.957756
1.081668
1.957211
1.081995
1.956667
1.082322
1.956123
1.082649
1.955580
1.082976
1.955037
1.083302
1.954494
1.083629
1.953951
1.083956
1.953409
1.084283
1.952867
1.084610
1.952325
1.084937
1.951784
1.085264
1.951243
1.085591
1.950702
1.085918
1.950161
1.086244
1.949621
1.086571
1.949081
1.086898
1.948542
1.087225
1.948003
1.087552
1.947464
1.087879
1.946925
1.088206
1.946386
1.088533
1.945848
1.088859
1.945311
1.089186
1.944773
1.089513
1.944236
1.089840
1.943699
1.090167
1.943162
1.090494
1.942626
1.090821
1.942090
1.091148
1.941554
1.091474
1.941019
1.091801
1.940484
1.092128
1.939949
1.092455
1.939415
1.092782
1.938880
1.093109
1.938346
1.093436
1.937813
1.093763
1.937279
1.094090
1.936746
1.094416
1.936214
1.094743
1.935681
1.095070
1.935149
1.095397
1.934617
1.095724
1.934086
1.096051
1.933554
1.096378
1.933023
1.096704
1.932493
1.097031
1.931962
1.097358
1.931432
1.097685
1.930902
1.098012
1.930373
1.098339
1.929844
1.098666
1.929315
1.098993
1.928786
1.099319
1.928258
1.099646
1.927729
1.099973
1.927202
1.100300
1.926674
1.100627
1.926147
1.100954
1.925620
1.101281
1.925093
1.101608
1.924567
1.101935
1.924041
1.102261
1.923515
1.102588
1.922990
1.102915
1.922465
1.103242
1.921940
1.103569
1.921415
1.103896
1.920891
1.104223
1.920367
1.104550
1.919843
1.104876
1.919320
1.105203
1.918796
1.105530
1.918274
1.105857
1.917751
1.106184
1.917229
1.106511
1.916707
1.106838
1.916185
1.107165
1.915663
1.107491
1.915142
1.107818
1.914621
1.108145
1.914101
1.108472
1.913580
1.108799
1.913060
1.109126
1.912541
1.109453
1.912021
1.109780
1.911502
1.110106
1.910983
1.110433
1.910464
1.110760
1.909946
1.111087
1.909428
1.111414
1.908910
1.111741
1.908393
1.112068
1.907876
1.112395
1.907359
1.112721
1.906842
1.113048
1.906326
1.113375
1.905810
1.113702
1.905294
1.114029
1.904778
1.114356
1.904263
1.114683
1.903748
1.115010
1.903233
1.115336
1.902719
1.115663
1.902205
1.115990
1.901691
1.116317
1.901177
1.116644
1.900664
1.116971
1.900151
1.117298
1.899638
1.117625
1.899126
1.117952
1.898614
1.118278
1.898102
1.118605
1.897590
1.118932
1.897079
1.119259
1.896568
1.119586
1.896057
1.119913
1.895546
1.120240
1.895036
1.120566
1.894526
1.120893
1.894016
1.121220
1.893507
1.121547
1.892998
1.121874
1.892489
1.122201
1.891980
1.122528
1.891472
1.122855
1.890964
1.123181
1.890456
1.123508
1.889949
1.123835
1.889441
1.124162
1.888934
1.124489
1.888428
1.124816
1.887921
1.125143
1.887415
1.125470
1.886909
1.125797
1.886404
1.126123
1.885898
1.126450
1.885393
1.126777
1.884889
1.127104
1.884384
1.127431
1.883880
1.127758
1.883376
1.128085
1.882872
1.128412
1.882369
1.128738
1.881866
1.129065
1.881363
1.129392
1.880860
1.129719
1.880358
1.130046
1.879856
1.130373
1.879354
1.130700
1.878852
1.131027
1.878351
1.131353
1.877850
1.131680
1.877349
1.132007
1.876849
1.132334
1.876349
1.132661
1.875849
1.132988
1.875349
1.133315
1.874850
1.133642
1.874351
1.133968
1.873852
1.134295
1.873353
1.134622
1.872855
1.134949
1.872357
1.135276
1.871859
1.135603
1.871361
1.135930
1.870864
1.136257
1.870367
1.136583
1.869870
1.136910
1.869374
1.137237
1.868878
1.137564
1.868382
1.137891
1.867886
1.138218
1.867391
1.138545
1.866895
1.138872
1.866400
1.139198
1.865906
1.139525
1.865412
1.139852
1.864917
1.140179
1.864424
1.140506
1.863930
1.140833
1.863437
1.141160
1.862944
1.141487
1.862451
1.141814
1.861958
1.142140
1.861466
1.142467
1.860974
1.142794
1.860482
1.143121
1.859991
1.143448
1.859500
1.143775
1.859009
1.144102
1.858518
1.144428
1.858027
1.144755
1.857537
1.145082
1.857047
1.145409
1.856558
1.145736
1.856068
1.146063
1.855579
1.146390
1.855090
1.146717
1.854602
1.147043
1.854113
1.147370
1.853625
1.147697
1.853137
1.148024
1.852650
1.148351
1.852162
1.148678
1.851675
1.149005
1.851188
1.149332
1.850702
1.149659
1.850216
1.149985
1.849729
1.150312
1.849244
1.150639
1.848758
1.150966
1.848273
1.151293
1.847788
1.151620
1.847303
1.151947
1.846818
1.152274
1.846334
1.152600
1.845850
1.152927
1.845366
1.153254
1.844883
1.153581
1.844400
1.153908
1.843917
1.154235
1.843434
1.154562
1.842951
1.154889
1.842469
1.155216
1.841987
1.155542
1.841506
1.155869
1.841024
1.156196
1.840543
1.156523
1.840062
1.156850
1.839581
1.157177
1.839101
1.157504
1.838620
1.157830
1.838140
1.158157
1.837661
1.158484
1.837181
1.158811
1.836702
1.159138
1.836223
1.159465
1.835744
1.159792
1.835266
1.160119
1.834788
1.160445
1.834310
1.160772
1.833832
1.161099
1.833354
1.161426
1.832877
1.161753
1.832400
1.162080
1.831924
1.162407
1.831447
1.162734
1.830971
1.163061
1.830495
1.163387
1.830019
1.163714
1.829544
1.164041
1.829069
1.164368
1.828594
1.164695
1.828119
1.165022
1.827644
1.165349
1.827170
1.165676
1.826696
1.166002
1.826222
1.166329
1.825749
1.166656
1.825276
1.166983
1.824803
1.167310
1.824330
1.167637
1.823857
1.167964
1.823385
1.168290
1.822913
1.168617
1.822441
1.168944
1.821970
1.169271
1.821499
1.169598
1.821027
1.169925
1.820557
1.170252
1.820086
1.170579
1.819616
1.170906
1.819146
1.171232
1.818676
1.171559
1.818206
1.171886
1.817737
1.172213
1.817268
1.172540
1.816799
1.172867
1.816330
1.173194
1.815862
1.173521
1.815394
1.173847
1.814926
1.174174
1.814458
1.174501
1.813991
1.174828
1.813524
1.175155
1.813057
1.175482
1.812590
1.175809
1.812124
1.176136
1.811658
1.176462
1.811192
1.176789
1.810726
1.177116
1.810261
1.177443
1.809795
1.177770
1.809330
1.178097
1.808866
1.178424
1.808401
1.178751
1.807937
1.179078
1.807473
1.179404
1.807009
1.179731
1.806545
1.180058
1.806082
1.180385
1.805619
1.180712
1.805156
1.181039
1.804694
1.181366
1.804231
1.181692
1.803769
1.182019
1.803307
1.182346
1.802846
1.182673
1.802384
1.183000
1.801923
1.183327
1.801462
1.183654
1.801001
1.183981
1.800541
1.184307
1.800081
1.184634
1.799621
1.184961
1.799161
1.185288
1.798701
1.185615
1.798242
1.185942
1.797783
1.186269
1.797324
1.186596
1.796866
1.186923
1.796407
1.187249
1.795949
1.187576
1.795491
1.187903
1.795034
1.188230
1.794576
1.188557
1.794119
1.188884
1.793662
1.189211
1.793205
1.189538
1.792749
1.189864
1.792293
1.190191
1.791837
1.190518
1.791381
1.190845
1.790925
1.191172
1.790470
1.191499
1.790015
1.191826
1.789560
1.192153
1.789105
1.192479
1.788651
1.192806
1.788197
1.193133
1.787743
1.193460
1.787289
1.193787
1.786836
1.194114
1.786383
1.194441
1.785930
1.194768
1.785477
1.195094
1.785024
1.195421
1.784572
1.195748
1.784120
1.196075
1.783668
1.196402
1.783216
1.196729
1.782765
1.197056
1.782314
1.197383
1.781863
1.197709
1.781412
1.198036
1.780962
1.198363
1.780511
1.198690
1.780061
1.199017
1.779612
1.199344
1.779162
1.199671
1.778713
1.199998
1.778264
1.200324
1.777815
1.200651
1.777366
1.200978
1.776918
1.201305
1.776469
1.201632
1.776021
1.201959
1.775574
1.202286
1.775126
1.202613
1.774679
1.202940
1.774232
1.203266
1.773785
1.203593
1.773338
1.203920
1.772892
1.204247
1.772446
1.204574
1.772000
1.204901
1.771554
1.205228
1.771109
1.205554
1.770663
1.205881
1.770218
1.206208
1.769774
1.206535
1.769329
1.206862
1.768885
1.207189
1.768440
1.207516
1.767997
1.207843
1.767553
1.208169
1.767109
1.208496
1.766666
1.208823
1.766223
1.209150
1.765780
1.209477
1.765338
1.209804
1.764895
1.210131
1.764453
1.210458
1.764011
1.210785
1.763570
1.211111
1.763128
1.211438
1.762687
1.211765
1.762246
1.212092
1.761805
1.212419
1.761364
1.212746
1.760924
1.213073
1.760484
1.213400
1.760044
1.213726
1.759604
1.214053
1.759165
1.214380
1.758726
1.214707
1.758287
1.215034
1.757848
1.215361
1.757409
1.215688
1.756971
1.216015
1.756533
1.216341
1.756095
1.216668
1.755657
1.216995
1.755219
1.217322
1.754782
1.217649
1.754345
1.217976
1.753908
1.218303
1.753471
1.218630
1.753035
1.218956
1.752599
1.219283
1.752163
1.219610
1.751727
1.219937
1.751292
1.220264
1.750856
1.220591
1.750421
1.220918
1.749986
1.221245
1.749552
1.221571
1.749117
1.221898
1.748683
1.222225
1.748249
1.222552
1.747815
1.222879
1.747381
1.223206
1.746948
1.223533
1.746515
1.223860
1.746082
1.224186
1.745649
1.224513
1.745217
1.224840
1.744784
1.225167
1.744352
1.225494
1.743920
1.225821
1.743489
1.226148
1.743057
1.226475
1.742626
1.226802
1.742195
1.227128
1.741764
1.227455
1.741334
1.227782
1.740903
1.228109
1.740473
1.228436
1.740043
1.228763
1.739613
1.229090
1.739184
1.229416
1.738755
1.229743
1.738325
1.230070
1.737897
1.230397
1.737468
1.230724
1.737039
1.231051
1.736611
1.231378
1.736183
1.231705
1.735755
1.232031
1.735328
1.232358
1.734900
1.232685
1.734473
1.233012
1.734046
1.233339
1.733619
1.233666
1.733193
1.233993
1.732767
1.234320
1.732340
1.234647
1.731914
1.234973
1.731489
1.235300
1.731063
1.235627
1.730638
1.235954
1.730213
1.236281
1.729788
1.236608
1.729363
1.236935
1.728939
1.237262
1.728515
1.237588
1.728090
1.237915
1.727667
1.238242
1.727243
1.238569
1.726820
1.238896
1.726396
1.239223
1.725973
1.239550
1.725551
1.239877
1.725128
1.240203
1.724706
1.240530
1.724283
1.240857
1.723861
1.241184
1.723440
1.241511
1.723018
1.241838
1.722597
1.242165
1.722176
1.242492
1.721755
1.242818
1.721334
1.243145
1.720913
1.243472
1.720493
1.243799
1.720073
1.244126
1.719653
1.244453
1.719233
1.244780
1.718814
1.245107
1.718395
1.245433
1.717976
1.245760
1.717557
1.246087
1.717138
1.246414
1.716720
1.246741
1.716301
1.247068
1.715883
1.247395
1.715465
1.247722
1.715048
1.248048
1.714630
1.248375
1.714213
1.248702
1.713796
1.249029
1.713379
1.249356
1.712963
1.249683
1.712546
1.250010
1.712130
1.250337
1.711714
1.250664
1.711298
1.250990
1.710882
1.251317
1.710467
1.251644
1.710052
1.251971
1.709637
1.252298
1.709222
1.252625
1.708807
1.252952
1.708393
1.253278
1.707979
1.253605
1.707565
1.253932
1.707151
1.254259
1.706737
1.254586
1.706324
1.254913
1.705911
1.255240
1.705498
1.255567
1.705085
1.255893
1.704672
1.256220
1.704260
1.256547
1.703848
1.256874
1.703436
1.257201
1.703024
1.257528
1.702612
1.257855
1.702201
1.258182
1.701790
1.258509
1.701379
1.258835
1.700968
1.259162
1.700557
1.259489
1.700147
1.259816
1.699737
1.260143
1.699327
1.260470
1.698917
1.260797
1.698507
1.261124
1.698098
1.261450
1.697689
1.261777
1.697280
1.262104
1.696871
1.262431
1.696462
1.262758
1.696054
1.263085
1.695646
1.263412
1.695238
1.263739
1.694830
1.264065
1.694422
1.264392
1.694015
1.264719
1.693607
1.265046
1.693200
1.265373
1.692793
1.265700
1.692387
1.266027
1.691980
1.266354
1.691574
1.266680
1.691168
1.267007
1.690762
1.267334
1.690356
1.267661
1.689951
1.267988
1.689546
1.268315
1.689141
1.268642
1.688736
1.268969
1.688331
1.269295
1.687927
1.269622
1.687522
1.269949
1.687118
1.270276
1.686714
1.270603
1.686310
1.270930
1.685907
1.271257
1.685503
1.271584
1.685100
1.271910
1.684697
1.272237
1.684295
1.272564
1.683892
1.272891
1.683490
1.273218
1.683087
1.273545
1.682685
1.273872
1.682284
1.274199
1.681882
1.274526
1.681481
1.274852
1.681080
1.275179
1.680678
1.275506
1.680278
1.275833
1.679877
1.276160
1.679476
1.276487
1.679076
1.276814
1.678676
1.277140
1.678276
1.277467
1.677877
1.277794
1.677477
1.278121
1.677078
1.278448
1.676679
1.278775
1.676280
1.279102
1.675881
1.279429
1.675482
1.279755
1.675084
1.280082
1.674686
1.280409
1.674288
1.280736
1.673890
1.281063
1.673493
1.281390
1.673095
1.281717
1.672698
1.282044
1.672301
1.282371
1.671904
1.282697
1.671507
1.283024
1.671111
1.283351
1.670715
1.283678
1.670318
1.284005
1.669923
1.284332
1.669527
1.284659
1.669131
1.284986
1.668736
1.285312
1.668341
1.285639
1.667946
1.285966
1.667551
1.286293
1.667157
1.286620
1.666762
1.286947
1.666368
1.287274
1.665974
1.287601
1.665580
1.287927
1.665186
1.288254
1.664793
1.288581
1.664400
1.288908
1.664007
1.289235
1.663614
1.289562
1.663221
1.289889
1.662828
1.290216
1.662436
1.290542
1.662044
1.290869
1.661652
1.291196
1.661260
1.291523
1.660869
1.291850
1.660477
1.292177
1.660086
1.292504
1.659695
1.292831
1.659304
1.293157
1.658913
1.293484
1.658523
1.293811
1.658133
1.294138
1.657742
1.294465
1.657352
1.294792
1.656963
1.295119
1.656573
1.295446
1.656184
1.295772
1.655795
1.296099
1.655405
1.296426
1.655017
1.296753
1.654628
1.297080
1.654239
1.297407
1.653851
1.297734
1.653463
1.298061
1.653075
1.298388
1.652687
1.298714
1.652300
1.299041
1.651912
1.299368
1.651525
1.299695
1.651138
1.300022
1.650751
1.300349
1.650365
1.300676
1.649978
1.301003
1.649592
1.301329
1.649206
1.301656
1.648820
1.301983
1.648434
1.302310
1.648049
1.302637
1.647663
1.302964
1.647278
1.303291
1.646893
1.303617
1.646508
1.303944
1.646123
1.304271
1.645739
1.304598
1.645355
1.304925
1.644971
1.305252
1.644587
1.305579
1.644203
1.305906
1.643819
1.306233
1.643436
1.306559
1.643053
1.306886
1.642670
1.307213
1.642287
1.307540
1.641904
1.307867
1.641521
1.308194
1.641139
1.308521
1.640757
1.308848
1.640375
1.309174
1.639993
1.309501
1.639612
1.309828
1.639230
1.310155
1.638849
1.310482
1.638468
1.310809
1.638087
1.311136
1.637706
1.311463
1.637326
1.311789
1.636945
1.312116
1.636565
1.312443
1.636185
1.312770
1.635805
1.313097
1.635425
1.313424
1.635046
1.313751
1.634667
1.314078
1.634288
1.314404
1.633909
1.314731
1.633530
1.315058
1.633151
1.315385
1.632773
1.315712
1.632394
1.316039
1.632016
1.316366
1.631639
1.316693
1.631261
1.317019
1.630883
1.317346
1.630506
1.317673
1.630129
1.318000
1.629752
1.318327
1.629375
1.318654
1.628998
1.318981
1.628622
1.319308
1.628245
1.319634
1.627869
1.319961
1.627493
1.320288
1.627117
1.320615
1.626742
1.320942
1.626366
1.321269
1.625991
1.321596
1.625616
1.321923
1.625241
1.322250
1.624866
1.322576
1.624491
1.322903
1.624117
1.323230
1.623743
1.323557
1.623369
1.323884
1.622995
1.324211
1.622621
1.324538
1.622247
1.324865
1.621874
1.325191
1.621501
1.325518
1.621128
1.325845
1.620755
1.326172
1.620382
1.326499
1.620010
1.326826
1.619637
1.327153
1.619265
1.327479
1.618893
1.327806
1.618521
1.328133
1.618150
1.328460
1.617778
1.328787
1.617407
1.329114
1.617036
1.329441
1.616665
1.329768
1.616294
1.330095
1.615923
1.330421
1.615553
1.330748
1.615183
1.331075
1.614812
1.331402
1.614442
1.331729
1.614073
1.332056
1.613703
1.332383
1.613334
1.332710
1.612964
1.333036
1.612595
1.333363
1.612226
1.333690
1.611857
1.334017
1.611489
1.334344
1.611120
1.334671
1.610752
1.334998
1.610384
1.335325
1.610016
1.335652
1.609648
1.335978
1.609281
1.336305
1.608913
1.336632
1.608546
1.336959
1.608179
1.337286
1.607812
1.337613
1.607445
1.337940
1.607079
1.338266
1.606712
1.338593
1.606346
1.338920
1.605980
1.339247
1.605614
1.339574
1.605248
1.339901
1.604883
1.340228
1.604517
1.340555
1.604152
1.340881
1.603787
1.341208
1.603422
1.341535
1.603057
1.341862
1.602693
1.342189
1.602328
1.342516
1.601964
1.342843
1.601600
1.343170
1.601236
1.343497
1.600872
1.343823
1.600509
1.344150
1.600145
1.344477
1.599782
1.344804
1.599419
1.345131
1.599056
1.345458
1.598693
1.345785
1.598331
1.346112
1.597968
1.346438
1.597606
1.346765
1.597244
1.347092
1.596882
1.347419
1.596520
1.347746
1.596159
1.348073
1.595797
1.348400
1.595436
1.348727
1.595075
1.349053
1.594714
1.349380
1.594353
1.349707
1.593992
1.350034
1.593632
1.350361
1.593271
1.350688
1.592911
1.351015
1.592551
1.351342
1.592192
1.351668
1.591832
1.351995
1.591473
1.352322
1.591113
1.352649
1.590754
1.352976
1.590395
1.353303
1.590036
1.353630
1.589678
1.353957
1.589319
1.354283
1.588961
1.354610
1.588602
1.354937
1.588244
1.355264
1.587887
1.355591
1.587529
1.355918
1.587171
1.356245
1.586814
1.356572
1.586457
1.356898
1.586100
1.357225
1.585743
1.357552
1.585386
1.357879
1.585029
1.358206
1.584673
1.358533
1.584317
1.358860
1.583961
1.359187
1.583605
1.359514
1.583249
1.359840
1.582893
1.360167
1.582538
1.360494
1.582183
1.360821
1.581828
1.361148
1.581473
1.361475
1.581118
1.361802
1.580763
1.362128
1.580409
1.362455
1.580054
1.362782
1.579700
1.363109
1.579346
1.363436
1.578992
1.363763
1.578639
1.364090
1.578285
1.364417
1.577932
1.364743
1.577579
1.365070
1.577225
1.365397
1.576873
1.365724
1.576520
1.366051
1.576167
1.366378
1.575815
1.366705
1.575462
1.367032
1.575110
1.367359
1.574758
1.367685
1.574407
1.368012
1.574055
1.368339
1.573704
1.368666
1.573352
1.368993
1.573001
1.369320
1.572650
1.369647
1.572299
1.369974
1.571949
1.370300
1.571598
1.370627
1.571248
1.370954
1.570897
1.371281
1.570547
1.371608
1.570197
1.371935
1.569848
1.372262
1.569498
1.372589
1.569149
1.372915
1.568799
1.373242
1.568450
1.373569
1.568101
1.373896
1.567752
1.374223
1.567404
1.374550
1.567055
1.374877
1.566707
1.375204
1.566359
1.375530
1.566011
1.375857
1.565663
1.376184
1.565315
1.376511
1.564967
1.376838
1.564620
1.377165
1.564273
1.377492
1.563926
1.377819
1.563579
1.378145
1.563232
1.378472
1.562885
1.378799
1.562539
1.379126
1.562192
1.379453
1.561846
1.379780
1.561500
1.380107
1.561154
1.380434
1.560808
1.380760
1.560463
1.381087
1.560117
1.381414
1.559772
1.381741
1.559427
1.382068
1.559082
1.382395
1.558737
1.382722
1.558393
1.383049
1.558048
1.383376
1.557704
1.383702
1.557360
1.384029
1.557016
1.384356
1.556672
1.384683
1.556328
1.385010
1.555984
1.385337
1.555641
1.385664
1.555298
1.385991
1.554954
1.386317
1.554611
1.386644
1.554269
1.386971
1.553926
1.387298
1.553583
1.387625
1.553241
1.387952
1.552899
1.388279
1.552557
1.388605
1.552215
1.388932
1.551873
1.389259
1.551531
1.389586
1.551190
1.389913
1.550849
1.390240
1.550507
1.390567
1.550166
1.390894
1.549826
1.391221
1.549485
1.391547
1.549144
1.391874
1.548804
1.392201
1.548464
1.392528
1.548123
1.392855
1.547783
1.393182
1.547444
1.393509
1.547104
1.393836
1.546764
1.394162
1.546425
1.394489
1.546086
1.394816
1.545747
1.395143
1.545408
1.395470
1.545069
1.395797
1.544731
1.396124
1.544392
1.396451
1.544054
1.396777
1.543715
1.397104
1.543378
1.397431
1.543040
1.397758
1.542702
1.398085
1.542364
1.398412
1.542027
1.398739
1.541690
1.399066
1.541352
1.399392
1.541015
1.399719
1.540679
1.400046
1.540342
1.400373
1.540005
1.400700
1.539669
1.401027
1.539333
1.401354
1.538997
1.401681
1.538661
1.402007
1.538325
1.402334
1.537989
1.402661
1.537654
1.402988
1.537318
1.403315
1.536983
1.403642
1.536648
1.403969
1.536313
1.404296
1.535978
1.404622
1.535643
1.404949
1.535309
1.405276
1.534975
1.405603
1.534640
1.405930
1.534306
1.406257
1.533973
1.406584
1.533639
1.406911
1.533305
1.407238
1.532972
1.407564
1.532638
1.407891
1.532305
1.408218
1.531972
1.408545
1.531639
1.408872
1.531306
1.409199
1.530974
1.409526
1.530641
1.409853
1.530309
1.410179
1.529977
1.410506
1.529645
1.410833
1.529313
1.411160
1.528981
1.411487
1.528650
1.411814
1.528318
1.412141
1.527987
1.412467
1.527656
1.412794
1.527325
1.413121
1.526994
1.413448
1.526663
1.413775
1.526332
1.414102
1.526002
1.414429
1.525672
1.414756
1.525342
1.415083
1.525012
1.415409
1.524682
1.415736
1.524352
1.416063
1.524022
1.416390
1.523693
1.416717
1.523364
1.417044
1.523034
1.417371
1.522705
1.417698
1.522377
1.418024
1.522048
1.418351
1.521719
1.418678
1.521391
1.419005
1.521062
1.419332
1.520734
1.419659
1.520406
1.419986
1.520078
1.420313
1.519751
1.420639
1.519423
1.420966
1.519096
1.421293
1.518768
1.421620
1.518441
1.421947
1.518114
1.422274
1.517787
1.422601
1.517460
1.422928
1.517134
1.423254
1.516807
1.423581
1.516481
1.423908
1.516155
1.424235
1.515829
1.424562
1.515503
1.424889
1.515177
1.425216
1.514852
1.425543
1.514526
1.425869
1.514201
1.426196
1.513875
1.426523
1.513551
1.426850
1.513226
1.427177
1.512901
1.427504
1.512576
1.427831
1.512252
1.428158
1.511927
1.428484
1.511603
1.428811
1.511279
1.429138
1.510955
1.429465
1.510631
1.429792
1.510308
1.430119
1.509984
1.430446
1.509661
1.430773
1.509337
1.431100
1.509014
1.431426
1.508691
1.431753
1.508368
1.432080
1.508046
1.432407
1.507723
1.432734
1.507401
1.433061
1.507079
1.433388
1.506756
1.433715
1.506434
1.434041
1.506112
1.434368
1.505791
1.434695
1.505469
1.435022
1.505148
1.435349
1.504826
1.435676
1.504505
1.436003
1.504184
1.436329
1.503863
1.436656
1.503542
1.436983
1.503222
1.437310
1.502901
1.437637
1.502581
1.437964
1.502261
1.438291
1.501941
1.438618
1.501621
1.438945
1.501301
1.439271
1.500981
1.439598
1.500662
1.439925
1.500342
1.440252
1.500023
1.440579
1.499704
1.440906
1.499385
1.441233
1.499066
1.441560
1.498747
1.441886
1.498429
1.442213
1.498110
1.442540
1.497792
1.442867
1.497474
1.443194
1.497156
1.443521
1.496838
1.443848
1.496520
1.444175
1.496202
1.444501
1.495885
1.444828
1.495568
1.445155
1.495250
1.445482
1.494933
1.445809
1.494616
1.446136
1.494300
1.446463
1.493983
1.446790
1.493666
1.447116
1.493350
1.447443
1.493034
1.447770
1.492717
1.448097
1.492401
1.448424
1.492085
1.448751
1.491770
1.449078
1.491454
1.449405
1.491139
1.449731
1.490823
1.450058
1.490508
1.450385
1.490193
1.450712
1.489878
1.451039
1.489563
1.451366
1.489249
1.451693
1.488934
1.452020
1.488620
1.452346
1.488305
1.452673
1.487991
1.453000
1.487677
1.453327
1.487363
1.453654
1.487049
1.453981
1.486736
1.454308
1.486422
1.454635
1.486109
1.454962
1.485796
1.455288
1.485483
1.455615
1.485170
1.455942
1.484857
1.456269
1.484544
1.456596
1.484232
1.456923
1.483919
1.457250
1.483607
1.457577
1.483295
1.457903
1.482983
1.458230
1.482671
1.458557
1.482359
1.458884
1.482047
1.459211
1.481736
1.459538
1.481424
1.459865
1.481113
1.460191
1.480802
1.460518
1.480491
1.460845
1.480180
1.461172
1.479870
1.461499
1.479559
1.461826
1.479249
1.462153
1.478938
1.462480
1.478628
1.462807
1.478318
1.463133
1.478008
1.463460
1.477698
1.463787
1.477389
1.464114
1.477079
1.464441
1.476769
1.464768
1.476460
1.465095
1.476151
1.465422
1.475842
1.465748
1.475533
1.466075
1.475224
1.466402
1.474916
1.466729
1.474607
1.467056
1.474299
1.467383
1.473991
1.467710
1.473682
1.468037
1.473374
1.468363
1.473067
1.468690
1.472759
1.469017
1.472451
1.469344
1.472144
1.469671
1.471836
1.469998
1.471529
1.470325
1.471222
1.470652
1.471191
1.470684
1.471161
1.470717
1.471130
1.470750
1.471099
1.470782
1.471069
1.470815
1.471038
1.470848
1.471007
1.470880
1.470976
1.470913
